episode,step,state,action,reward,phase
283,0,"(np.int64(1), np.int64(1), np.int64(1), np.int64(1), np.int64(1), np.int64(1), np.int64(1), np.int64(1), np.int64(1), np.int64(1), np.int64(1), np.int64(1))",2,-5.0,2
283,1,"(np.int64(1), np.int64(1), np.int64(1), np.int64(1), np.int64(1), np.int64(1), np.int64(1), np.int64(1), np.int64(1), np.int64(1), np.int64(1), np.int64(1))",2,-5.0,2
283,2,"(np.int64(1), np.int64(1), np.int64(1), np.int64(1), np.int64(1), np.int64(1), np.int64(1), np.int64(1), np.int64(1), np.int64(1), np.int64(1), np.int64(1))",2,-0.0,2
283,3,"(np.int64(1), np.int64(1), np.int64(1), np.int64(1), np.int64(1), np.int64(1), np.int64(1), np.int64(1), np.int64(1), np.int64(1), np.int64(1), np.int64(1))",2,-5.0,2
283,4,"(np.int64(1), np.int64(1), np.int64(1), np.int64(1), np.int64(1), np.int64(1), np.int64(1), np.int64(1), np.int64(1), np.int64(1), np.int64(1), np.int64(1))",2,-0.0,2
283,5,"(np.int64(1), np.int64(1), np.int64(1), np.int64(1), np.int64(1), np.int64(1), np.int64(1), np.int64(1), np.int64(1), np.int64(1), np.int64(1), np.int64(1))",2,-5.0,2
283,6,"(np.int64(1), np.int64(1), np.int64(1), np.int64(1), np.int64(1), np.int64(1), np.int64(1), np.int64(1), np.int64(1), np.int64(1), np.int64(1), np.int64(1))",2,-0.0,2
283,7,"(np.int64(1), np.int64(1), np.int64(1), np.int64(1), np.int64(1), np.int64(1), np.int64(1), np.int64(1), np.int64(1), np.int64(1), np.int64(1), np.int64(1))",2,-5.0,2
283,8,"(np.int64(1), np.int64(1), np.int64(1), np.int64(1), np.int64(1), np.int64(1), np.int64(1), np.int64(1), np.int64(1), np.int64(1), np.int64(1), np.int64(1))",2,-0.0,2
283,9,"(np.int64(1), np.int64(1), np.int64(1), np.int64(1), np.int64(1), np.int64(1), np.int64(1), np.int64(1), np.int64(1), np.int64(1), np.int64(1), np.int64(1))",2,-5.0,2
283,10,"(np.int64(1), np.int64(1), np.int64(1), np.int64(1), np.int64(1), np.int64(1), np.int64(1), np.int64(1), np.int64(1), np.int64(1), np.int64(1), np.int64(1))",2,-0.0,2
283,11,"(np.int64(1), np.int64(1), np.int64(1), np.int64(1), np.int64(1), np.int64(1), np.int64(1), np.int64(1), np.int64(1), np.int64(1), np.int64(1), np.int64(1))",2,-5.0,2
283,12,"(np.int64(1), np.int64(1), np.int64(1), np.int64(1), np.int64(1), np.int64(1), np.int64(1), np.int64(1), np.int64(1), np.int64(1), np.int64(1), np.int64(1))",2,-5.0,2
283,13,"(np.int64(1), np.int64(1), np.int64(1), np.int64(1), np.int64(1), np.int64(1), np.int64(1), np.int64(1), np.int64(1), np.int64(1), np.int64(1), np.int64(1))",2,-5.0,2
283,14,"(np.int64(1), np.int64(1), np.int64(1), np.int64(1), np.int64(1), np.int64(1), np.int64(1), np.int64(1), np.int64(1), np.int64(1), np.int64(1), np.int64(1))",2,-5.0,2
283,15,"(np.int64(1), np.int64(1), np.int64(1), np.int64(1), np.int64(1), np.int64(1), np.int64(1), np.int64(1), np.int64(1), np.int64(1), np.int64(1), np.int64(1))",0,-5.0,0
283,16,"(np.int64(1), np.int64(1), np.int64(1), np.int64(1), np.int64(1), np.int64(1), np.int64(1), np.int64(1), np.int64(1), np.int64(1), np.int64(1), np.int64(1))",2,-5.0,2
283,17,"(np.int64(1), np.int64(1), np.int64(1), np.int64(1), np.int64(1), np.int64(1), np.int64(1), np.int64(1), np.int64(1), np.int64(1), np.int64(1), np.int64(1))",2,-5.0,2
283,18,"(np.int64(1), np.int64(1), np.int64(1), np.int64(1), np.int64(1), np.int64(1), np.int64(1), np.int64(1), np.int64(1), np.int64(1), np.int64(1), np.int64(1))",2,-5.0,2
283,19,"(np.int64(1), np.int64(1), np.int64(1), np.int64(1), np.int64(1), np.int64(1), np.int64(1), np.int64(1), np.int64(1), np.int64(1), np.int64(1), np.int64(1))",2,-5.0,2
283,20,"(np.int64(1), np.int64(1), np.int64(1), np.int64(1), np.int64(1), np.int64(1), np.int64(1), np.int64(1), np.int64(1), np.int64(1), np.int64(1), np.int64(1))",2,-0.0,2
283,21,"(np.int64(1), np.int64(1), np.int64(1), np.int64(1), np.int64(1), np.int64(1), np.int64(1), np.int64(1), np.int64(1), np.int64(1), np.int64(1), np.int64(1))",2,-5.0,2
283,22,"(np.int64(1), np.int64(1), np.int64(1), np.int64(1), np.int64(1), np.int64(1), np.int64(1), np.int64(1), np.int64(1), np.int64(1), np.int64(1), np.int64(1))",2,-5.0,2
283,23,"(np.int64(1), np.int64(1), np.int64(1), np.int64(1), np.int64(1), np.int64(1), np.int64(1), np.int64(1), np.int64(1), np.int64(1), np.int64(1), np.int64(1))",2,-5.0,2
283,24,"(np.int64(1), np.int64(1), np.int64(1), np.int64(1), np.int64(1), np.int64(1), np.int64(1), np.int64(1), np.int64(1), np.int64(1), np.int64(1), np.int64(1))",2,-5.0,2
283,25,"(np.int64(1), np.int64(1), np.int64(1), np.int64(1), np.int64(1), np.int64(1), np.int64(1), np.int64(1), np.int64(1), np.int64(1), np.int64(1), np.int64(1))",2,-0.0,2
283,26,"(np.int64(1), np.int64(1), np.int64(1), np.int64(1), np.int64(1), np.int64(1), np.int64(1), np.int64(1), np.int64(1), np.int64(1), np.int64(1), np.int64(1))",2,-5.0,2
283,27,"(np.int64(1), np.int64(1), np.int64(1), np.int64(1), np.int64(1), np.int64(1), np.int64(1), np.int64(1), np.int64(1), np.int64(1), np.int64(1), np.int64(1))",2,-5.0,2
283,28,"(np.int64(1), np.int64(1), np.int64(1), np.int64(1), np.int64(1), np.int64(1), np.int64(1), np.int64(1), np.int64(1), np.int64(1), np.int64(1), np.int64(1))",2,-5.0,2
283,29,"(np.int64(1), np.int64(1), np.int64(1), np.int64(1), np.int64(1), np.int64(1), np.int64(1), np.int64(1), np.int64(1), np.int64(1), np.int64(1), np.int64(1))",2,-5.0,2
283,30,"(np.int64(1), np.int64(1), np.int64(1), np.int64(1), np.int64(1), np.int64(1), np.int64(1), np.int64(1), np.int64(1), np.int64(1), np.int64(1), np.int64(1))",2,-0.0,2
283,31,"(np.int64(1), np.int64(1), np.int64(1), np.int64(1), np.int64(1), np.int64(1), np.int64(1), np.int64(1), np.int64(1), np.int64(1), np.int64(1), np.int64(1))",2,-5.0,2
283,32,"(np.int64(1), np.int64(1), np.int64(1), np.int64(1), np.int64(1), np.int64(1), np.int64(1), np.int64(1), np.int64(1), np.int64(1), np.int64(1), np.int64(1))",2,-5.0,2
283,33,"(np.int64(1), np.int64(1), np.int64(1), np.int64(1), np.int64(1), np.int64(1), np.int64(1), np.int64(1), np.int64(1), np.int64(1), np.int64(1), np.int64(1))",2,-5.0,2
283,34,"(np.int64(1), np.int64(1), np.int64(1), np.int64(1), np.int64(1), np.int64(1), np.int64(1), np.int64(1), np.int64(1), np.int64(1), np.int64(1), np.int64(1))",2,-5.0,2
283,35,"(np.int64(1), np.int64(1), np.int64(1), np.int64(1), np.int64(1), np.int64(1), np.int64(1), np.int64(1), np.int64(1), np.int64(1), np.int64(1), np.int64(1))",2,-2.0,2
283,36,"(np.int64(1), np.int64(1), np.int64(1), np.int64(1), np.int64(1), np.int64(1), np.int64(1), np.int64(1), np.int64(1), np.int64(1), np.int64(1), np.int64(1))",2,-17.0,2
283,37,"(np.int64(1), np.int64(1), np.int64(1), np.int64(1), np.int64(1), np.int64(1), np.int64(1), np.int64(1), np.int64(1), np.int64(1), np.int64(1), np.int64(1))",2,-27.0,2
283,38,"(np.int64(1), np.int64(1), np.int64(1), np.int64(1), np.int64(1), np.int64(1), np.int64(1), np.int64(1), np.int64(1), np.int64(1), np.int64(1), np.int64(1))",2,-37.0,2
283,39,"(np.int64(1), np.int64(1), np.int64(1), np.int64(1), np.int64(1), np.int64(1), np.int64(1), np.int64(1), np.int64(1), np.int64(1), np.int64(1), np.int64(1))",2,-47.0,2
283,40,"(np.int64(1), np.int64(1), np.int64(1), np.int64(1), np.int64(1), np.int64(1), np.int64(1), np.int64(1), np.int64(1), np.int64(1), np.int64(1), np.int64(1))",2,-52.0,2
283,41,"(np.int64(1), np.int64(1), np.int64(1), np.int64(1), np.int64(1), np.int64(1), np.int64(1), np.int64(1), np.int64(1), np.int64(1), np.int64(1), np.int64(1))",2,-67.0,2
283,42,"(np.int64(1), np.int64(1), np.int64(1), np.int64(1), np.int64(1), np.int64(1), np.int64(1), np.int64(1), np.int64(1), np.int64(1), np.int64(1), np.int64(1))",2,-77.0,2
283,43,"(np.int64(1), np.int64(1), np.int64(1), np.int64(1), np.int64(1), np.int64(1), np.int64(1), np.int64(1), np.int64(1), np.int64(1), np.int64(1), np.int64(1))",0,-87.0,0
283,44,"(np.int64(1), np.int64(1), np.int64(1), np.int64(1), np.int64(1), np.int64(1), np.int64(1), np.int64(1), np.int64(1), np.int64(1), np.int64(1), np.int64(1))",2,-106.0,2
283,45,"(np.int64(1), np.int64(1), np.int64(1), np.int64(1), np.int64(1), np.int64(1), np.int64(1), np.int64(1), np.int64(1), np.int64(1), np.int64(1), np.int64(1))",2,-121.0,2
283,46,"(np.int64(1), np.int64(1), np.int64(1), np.int64(1), np.int64(1), np.int64(1), np.int64(1), np.int64(1), np.int64(1), np.int64(1), np.int64(1), np.int64(1))",2,-146.0,2
283,47,"(np.int64(1), np.int64(1), np.int64(1), np.int64(1), np.int64(1), np.int64(1), np.int64(1), np.int64(1), np.int64(1), np.int64(1), np.int64(1), np.int64(1))",2,-161.0,2
283,48,"(np.int64(1), np.int64(1), np.int64(1), np.int64(1), np.int64(1), np.int64(1), np.int64(1), np.int64(1), np.int64(1), np.int64(1), np.int64(1), np.int64(1))",2,-186.0,2
283,49,"(np.int64(1), np.int64(1), np.int64(1), np.int64(1), np.int64(1), np.int64(1), np.int64(1), np.int64(1), np.int64(1), np.int64(1), np.int64(1), np.int64(1))",2,-201.0,2
283,50,"(np.int64(1), np.int64(1), np.int64(1), np.int64(1), np.int64(1), np.int64(1), np.int64(1), np.int64(1), np.int64(1), np.int64(1), np.int64(1), np.int64(1))",2,-230.0,2
283,51,"(np.int64(1), np.int64(1), np.int64(1), np.int64(1), np.int64(1), np.int64(1), np.int64(1), np.int64(1), np.int64(1), np.int64(1), np.int64(1), np.int64(1))",2,-260.0,2
283,52,"(np.int64(1), np.int64(1), np.int64(1), np.int64(1), np.int64(1), np.int64(1), np.int64(1), np.int64(1), np.int64(1), np.int64(1), np.int64(1), np.int64(1))",2,-290.0,2
283,53,"(np.int64(1), np.int64(1), np.int64(1), np.int64(1), np.int64(1), np.int64(1), np.int64(1), np.int64(1), np.int64(1), np.int64(1), np.int64(1), np.int64(1))",2,-320.0,2
283,54,"(np.int64(1), np.int64(1), np.int64(1), np.int64(1), np.int64(1), np.int64(1), np.int64(1), np.int64(1), np.int64(1), np.int64(1), np.int64(1), np.int64(1))",2,-345.0,2
283,55,"(np.int64(1), np.int64(1), np.int64(1), np.int64(1), np.int64(1), np.int64(1), np.int64(1), np.int64(1), np.int64(1), np.int64(1), np.int64(1), np.int64(1))",2,-380.0,2
283,56,"(np.int64(1), np.int64(1), np.int64(1), np.int64(1), np.int64(1), np.int64(1), np.int64(1), np.int64(1), np.int64(1), np.int64(1), np.int64(1), np.int64(1))",2,-405.0,2
283,57,"(np.int64(1), np.int64(1), np.int64(1), np.int64(1), np.int64(1), np.int64(1), np.int64(1), np.int64(1), np.int64(1), np.int64(1), np.int64(1), np.int64(1))",2,-440.0,2
283,58,"(np.int64(1), np.int64(1), np.int64(1), np.int64(1), np.int64(1), np.int64(1), np.int64(1), np.int64(1), np.int64(1), np.int64(1), np.int64(1), np.int64(1))",0,-237.0,0
283,59,"(np.int64(1), np.int64(1), np.int64(1), np.int64(1), np.int64(1), np.int64(1), np.int64(1), np.int64(1), np.int64(1), np.int64(1), np.int64(1), np.int64(1))",0,-247.0,0
283,60,"(np.int64(1), np.int64(1), np.int64(1), np.int64(1), np.int64(1), np.int64(1), np.int64(1), np.int64(1), np.int64(1), np.int64(1), np.int64(1), np.int64(1))",2,-257.0,2
283,61,"(np.int64(1), np.int64(1), np.int64(1), np.int64(1), np.int64(1), np.int64(1), np.int64(1), np.int64(1), np.int64(1), np.int64(1), np.int64(1), np.int64(1))",0,-262.0,0
283,62,"(np.int64(1), np.int64(1), np.int64(1), np.int64(1), np.int64(1), np.int64(1), np.int64(1), np.int64(1), np.int64(1), np.int64(1), np.int64(1), np.int64(1))",0,-277.0,0
283,63,"(np.int64(1), np.int64(1), np.int64(1), np.int64(1), np.int64(1), np.int64(1), np.int64(1), np.int64(1), np.int64(1), np.int64(1), np.int64(1), np.int64(1))",2,-287.0,2
283,64,"(np.int64(1), np.int64(1), np.int64(1), np.int64(1), np.int64(1), np.int64(1), np.int64(1), np.int64(1), np.int64(1), np.int64(1), np.int64(1), np.int64(1))",2,-297.0,2
283,65,"(np.int64(1), np.int64(1), np.int64(1), np.int64(1), np.int64(1), np.int64(1), np.int64(1), np.int64(1), np.int64(1), np.int64(1), np.int64(1), np.int64(1))",0,-5.0,0
283,66,"(np.int64(1), np.int64(1), np.int64(1), np.int64(1), np.int64(1), np.int64(1), np.int64(1), np.int64(1), np.int64(1), np.int64(1), np.int64(1), np.int64(1))",0,-5.0,0
283,67,"(np.int64(1), np.int64(1), np.int64(1), np.int64(1), np.int64(1), np.int64(1), np.int64(1), np.int64(1), np.int64(1), np.int64(1), np.int64(1), np.int64(1))",0,-5.0,0
283,68,"(np.int64(1), np.int64(1), np.int64(1), np.int64(1), np.int64(1), np.int64(1), np.int64(1), np.int64(1), np.int64(1), np.int64(1), np.int64(1), np.int64(1))",0,-5.0,0
283,69,"(np.int64(1), np.int64(1), np.int64(1), np.int64(1), np.int64(1), np.int64(1), np.int64(1), np.int64(1), np.int64(1), np.int64(1), np.int64(1), np.int64(1))",0,-5.0,0
283,70,"(np.int64(1), np.int64(1), np.int64(1), np.int64(1), np.int64(1), np.int64(1), np.int64(1), np.int64(1), np.int64(1), np.int64(1), np.int64(1), np.int64(1))",0,-5.0,0
283,71,"(np.int64(1), np.int64(1), np.int64(1), np.int64(1), np.int64(1), np.int64(1), np.int64(1), np.int64(1), np.int64(1), np.int64(1), np.int64(1), np.int64(1))",0,-5.0,0
283,72,"(np.int64(1), np.int64(1), np.int64(1), np.int64(1), np.int64(1), np.int64(1), np.int64(1), np.int64(1), np.int64(1), np.int64(1), np.int64(1), np.int64(1))",0,-5.0,0
283,73,"(np.int64(1), np.int64(1), np.int64(1), np.int64(1), np.int64(1), np.int64(1), np.int64(1), np.int64(1), np.int64(1), np.int64(1), np.int64(1), np.int64(1))",0,-5.0,0
283,74,"(np.int64(1), np.int64(1), np.int64(1), np.int64(1), np.int64(1), np.int64(1), np.int64(1), np.int64(1), np.int64(1), np.int64(1), np.int64(1), np.int64(1))",0,-5.0,0
283,75,"(np.int64(1), np.int64(1), np.int64(1), np.int64(1), np.int64(1), np.int64(1), np.int64(1), np.int64(1), np.int64(1), np.int64(1), np.int64(1), np.int64(1))",0,-5.0,0
283,76,"(np.int64(1), np.int64(1), np.int64(1), np.int64(1), np.int64(1), np.int64(1), np.int64(1), np.int64(1), np.int64(1), np.int64(1), np.int64(1), np.int64(1))",0,-5.0,0
283,77,"(np.int64(1), np.int64(1), np.int64(1), np.int64(1), np.int64(1), np.int64(1), np.int64(1), np.int64(1), np.int64(1), np.int64(1), np.int64(1), np.int64(1))",0,-5.0,0
283,78,"(np.int64(1), np.int64(1), np.int64(1), np.int64(1), np.int64(1), np.int64(1), np.int64(1), np.int64(1), np.int64(1), np.int64(1), np.int64(1), np.int64(1))",0,-5.0,0
283,79,"(np.int64(1), np.int64(1), np.int64(1), np.int64(1), np.int64(1), np.int64(1), np.int64(1), np.int64(1), np.int64(1), np.int64(1), np.int64(1), np.int64(1))",0,-5.0,0
283,80,"(np.int64(1), np.int64(1), np.int64(1), np.int64(1), np.int64(1), np.int64(1), np.int64(1), np.int64(1), np.int64(1), np.int64(1), np.int64(1), np.int64(1))",0,-5.0,0
283,81,"(np.int64(1), np.int64(1), np.int64(1), np.int64(1), np.int64(1), np.int64(1), np.int64(1), np.int64(1), np.int64(1), np.int64(1), np.int64(1), np.int64(1))",0,-5.0,0
283,82,"(np.int64(1), np.int64(1), np.int64(1), np.int64(1), np.int64(1), np.int64(1), np.int64(1), np.int64(1), np.int64(1), np.int64(1), np.int64(1), np.int64(1))",0,-5.0,0
283,83,"(np.int64(1), np.int64(1), np.int64(1), np.int64(1), np.int64(1), np.int64(1), np.int64(1), np.int64(1), np.int64(1), np.int64(1), np.int64(1), np.int64(1))",0,-5.0,0
283,84,"(np.int64(1), np.int64(1), np.int64(1), np.int64(1), np.int64(1), np.int64(1), np.int64(1), np.int64(1), np.int64(1), np.int64(1), np.int64(1), np.int64(1))",0,-5.0,0
283,85,"(np.int64(1), np.int64(1), np.int64(1), np.int64(1), np.int64(1), np.int64(1), np.int64(1), np.int64(1), np.int64(1), np.int64(1), np.int64(1), np.int64(1))",0,-5.0,0
283,86,"(np.int64(1), np.int64(1), np.int64(1), np.int64(1), np.int64(1), np.int64(1), np.int64(1), np.int64(1), np.int64(1), np.int64(1), np.int64(1), np.int64(1))",0,-5.0,0
283,87,"(np.int64(1), np.int64(1), np.int64(1), np.int64(1), np.int64(1), np.int64(1), np.int64(1), np.int64(1), np.int64(1), np.int64(1), np.int64(1), np.int64(1))",0,-5.0,0
283,88,"(np.int64(1), np.int64(1), np.int64(1), np.int64(1), np.int64(1), np.int64(1), np.int64(1), np.int64(1), np.int64(1), np.int64(1), np.int64(1), np.int64(1))",0,-5.0,0
283,89,"(np.int64(1), np.int64(1), np.int64(1), np.int64(1), np.int64(1), np.int64(1), np.int64(1), np.int64(1), np.int64(1), np.int64(1), np.int64(1), np.int64(1))",0,-5.0,0
283,90,"(np.int64(1), np.int64(1), np.int64(1), np.int64(1), np.int64(1), np.int64(1), np.int64(1), np.int64(1), np.int64(1), np.int64(1), np.int64(1), np.int64(1))",0,-5.0,0
283,91,"(np.int64(1), np.int64(1), np.int64(1), np.int64(1), np.int64(1), np.int64(1), np.int64(1), np.int64(1), np.int64(1), np.int64(1), np.int64(1), np.int64(1))",0,-5.0,0
283,92,"(np.int64(1), np.int64(1), np.int64(1), np.int64(1), np.int64(1), np.int64(1), np.int64(1), np.int64(1), np.int64(1), np.int64(1), np.int64(1), np.int64(1))",0,-5.0,0
283,93,"(np.int64(1), np.int64(1), np.int64(1), np.int64(1), np.int64(1), np.int64(1), np.int64(1), np.int64(1), np.int64(1), np.int64(1), np.int64(1), np.int64(1))",2,-5.0,2
283,94,"(np.int64(1), np.int64(1), np.int64(1), np.int64(1), np.int64(1), np.int64(1), np.int64(1), np.int64(1), np.int64(1), np.int64(1), np.int64(1), np.int64(1))",0,-0.0,0
283,95,"(np.int64(1), np.int64(1), np.int64(1), np.int64(1), np.int64(1), np.int64(1), np.int64(1), np.int64(1), np.int64(1), np.int64(1), np.int64(1), np.int64(1))",0,-5.0,0
283,96,"(np.int64(1), np.int64(1), np.int64(1), np.int64(1), np.int64(1), np.int64(1), np.int64(1), np.int64(1), np.int64(1), np.int64(1), np.int64(1), np.int64(1))",0,-11.0,0
283,97,"(np.int64(1), np.int64(1), np.int64(1), np.int64(1), np.int64(1), np.int64(1), np.int64(1), np.int64(1), np.int64(1), np.int64(1), np.int64(1), np.int64(1))",0,-21.0,0
283,98,"(np.int64(1), np.int64(1), np.int64(1), np.int64(1), np.int64(1), np.int64(1), np.int64(1), np.int64(1), np.int64(1), np.int64(1), np.int64(1), np.int64(1))",0,-31.0,0
283,99,"(np.int64(1), np.int64(1), np.int64(1), np.int64(1), np.int64(1), np.int64(1), np.int64(1), np.int64(1), np.int64(1), np.int64(1), np.int64(1), np.int64(1))",0,-41.0,0
283,100,"(np.int64(1), np.int64(1), np.int64(1), np.int64(1), np.int64(1), np.int64(1), np.int64(1), np.int64(1), np.int64(1), np.int64(1), np.int64(1), np.int64(1))",0,-51.0,0
283,101,"(np.int64(1), np.int64(1), np.int64(1), np.int64(1), np.int64(1), np.int64(1), np.int64(1), np.int64(1), np.int64(1), np.int64(1), np.int64(1), np.int64(1))",0,-61.0,0
283,102,"(np.int64(1), np.int64(1), np.int64(1), np.int64(1), np.int64(1), np.int64(1), np.int64(1), np.int64(1), np.int64(1), np.int64(1), np.int64(1), np.int64(1))",0,-71.0,0
283,103,"(np.int64(1), np.int64(1), np.int64(1), np.int64(1), np.int64(1), np.int64(1), np.int64(1), np.int64(1), np.int64(1), np.int64(1), np.int64(1), np.int64(1))",0,-81.0,0
283,104,"(np.int64(1), np.int64(1), np.int64(1), np.int64(1), np.int64(1), np.int64(1), np.int64(1), np.int64(1), np.int64(1), np.int64(1), np.int64(1), np.int64(1))",0,-91.0,0
283,105,"(np.int64(1), np.int64(1), np.int64(1), np.int64(1), np.int64(1), np.int64(1), np.int64(1), np.int64(1), np.int64(1), np.int64(1), np.int64(1), np.int64(1))",2,-101.0,2
283,106,"(np.int64(1), np.int64(1), np.int64(1), np.int64(1), np.int64(1), np.int64(1), np.int64(1), np.int64(1), np.int64(1), np.int64(1), np.int64(1), np.int64(1))",0,-118.0,0
283,107,"(np.int64(1), np.int64(1), np.int64(1), np.int64(1), np.int64(1), np.int64(1), np.int64(1), np.int64(1), np.int64(1), np.int64(1), np.int64(1), np.int64(1))",2,-140.0,2
283,108,"(np.int64(1), np.int64(1), np.int64(1), np.int64(1), np.int64(1), np.int64(1), np.int64(1), np.int64(1), np.int64(1), np.int64(1), np.int64(1), np.int64(1))",0,-170.0,0
283,109,"(np.int64(1), np.int64(1), np.int64(1), np.int64(1), np.int64(1), np.int64(1), np.int64(1), np.int64(1), np.int64(1), np.int64(1), np.int64(1), np.int64(1))",0,-178.0,0
283,110,"(np.int64(1), np.int64(1), np.int64(1), np.int64(1), np.int64(1), np.int64(1), np.int64(1), np.int64(1), np.int64(1), np.int64(1), np.int64(1), np.int64(1))",0,-198.0,0
283,111,"(np.int64(1), np.int64(1), np.int64(1), np.int64(1), np.int64(1), np.int64(1), np.int64(1), np.int64(1), np.int64(1), np.int64(1), np.int64(1), np.int64(1))",0,-218.0,0
283,112,"(np.int64(1), np.int64(1), np.int64(1), np.int64(1), np.int64(1), np.int64(1), np.int64(1), np.int64(1), np.int64(1), np.int64(1), np.int64(1), np.int64(1))",0,-238.0,0
283,113,"(np.int64(1), np.int64(1), np.int64(1), np.int64(1), np.int64(1), np.int64(1), np.int64(1), np.int64(1), np.int64(1), np.int64(1), np.int64(1), np.int64(1))",0,-253.0,0
283,114,"(np.int64(1), np.int64(1), np.int64(1), np.int64(1), np.int64(1), np.int64(1), np.int64(1), np.int64(1), np.int64(1), np.int64(1), np.int64(1), np.int64(1))",0,-278.0,0
283,115,"(np.int64(1), np.int64(1), np.int64(1), np.int64(1), np.int64(1), np.int64(1), np.int64(1), np.int64(1), np.int64(1), np.int64(1), np.int64(1), np.int64(1))",0,-298.0,0
283,116,"(np.int64(1), np.int64(1), np.int64(1), np.int64(1), np.int64(1), np.int64(1), np.int64(1), np.int64(1), np.int64(1), np.int64(1), np.int64(1), np.int64(1))",0,-318.0,0
283,117,"(np.int64(1), np.int64(1), np.int64(1), np.int64(1), np.int64(1), np.int64(1), np.int64(1), np.int64(1), np.int64(1), np.int64(1), np.int64(1), np.int64(1))",0,-338.0,0
283,118,"(np.int64(1), np.int64(1), np.int64(1), np.int64(1), np.int64(1), np.int64(1), np.int64(1), np.int64(1), np.int64(1), np.int64(1), np.int64(1), np.int64(1))",0,-358.0,0
283,119,"(np.int64(1), np.int64(1), np.int64(1), np.int64(1), np.int64(1), np.int64(1), np.int64(1), np.int64(1), np.int64(1), np.int64(1), np.int64(1), np.int64(1))",2,-378.0,2
283,120,"(np.int64(1), np.int64(1), np.int64(1), np.int64(1), np.int64(1), np.int64(1), np.int64(1), np.int64(1), np.int64(1), np.int64(1), np.int64(1), np.int64(1))",0,-398.0,0
283,121,"(np.int64(1), np.int64(1), np.int64(1), np.int64(1), np.int64(1), np.int64(1), np.int64(1), np.int64(1), np.int64(1), np.int64(1), np.int64(1), np.int64(1))",2,-418.0,2
283,122,"(np.int64(1), np.int64(1), np.int64(1), np.int64(1), np.int64(1), np.int64(1), np.int64(1), np.int64(1), np.int64(1), np.int64(1), np.int64(1), np.int64(1))",0,-438.0,0
283,123,"(np.int64(1), np.int64(1), np.int64(1), np.int64(1), np.int64(1), np.int64(1), np.int64(1), np.int64(1), np.int64(1), np.int64(1), np.int64(1), np.int64(1))",2,-458.0,2
283,124,"(np.int64(1), np.int64(1), np.int64(1), np.int64(1), np.int64(1), np.int64(1), np.int64(1), np.int64(1), np.int64(1), np.int64(1), np.int64(1), np.int64(1))",0,-478.0,0
283,125,"(np.int64(1), np.int64(1), np.int64(1), np.int64(1), np.int64(1), np.int64(1), np.int64(1), np.int64(1), np.int64(1), np.int64(1), np.int64(1), np.int64(1))",2,-498.0,2
283,126,"(np.int64(1), np.int64(1), np.int64(1), np.int64(1), np.int64(1), np.int64(1), np.int64(1), np.int64(1), np.int64(1), np.int64(1), np.int64(1), np.int64(1))",0,-212.0,0
283,127,"(np.int64(1), np.int64(1), np.int64(1), np.int64(1), np.int64(1), np.int64(1), np.int64(1), np.int64(1), np.int64(1), np.int64(1), np.int64(1), np.int64(1))",0,-222.0,0
283,128,"(np.int64(1), np.int64(1), np.int64(1), np.int64(1), np.int64(1), np.int64(1), np.int64(1), np.int64(1), np.int64(1), np.int64(1), np.int64(1), np.int64(1))",2,-232.0,2
283,129,"(np.int64(1), np.int64(1), np.int64(1), np.int64(1), np.int64(1), np.int64(1), np.int64(1), np.int64(1), np.int64(1), np.int64(1), np.int64(1), np.int64(1))",0,-242.0,0
283,130,"(np.int64(1), np.int64(1), np.int64(1), np.int64(1), np.int64(1), np.int64(1), np.int64(1), np.int64(1), np.int64(1), np.int64(1), np.int64(1), np.int64(1))",2,-252.0,2
283,131,"(np.int64(1), np.int64(1), np.int64(1), np.int64(1), np.int64(1), np.int64(1), np.int64(1), np.int64(1), np.int64(1), np.int64(1), np.int64(1), np.int64(1))",0,-262.0,0
283,132,"(np.int64(1), np.int64(1), np.int64(1), np.int64(1), np.int64(1), np.int64(1), np.int64(1), np.int64(1), np.int64(1), np.int64(1), np.int64(1), np.int64(1))",2,-272.0,2
283,133,"(np.int64(1), np.int64(1), np.int64(1), np.int64(1), np.int64(1), np.int64(1), np.int64(1), np.int64(1), np.int64(1), np.int64(1), np.int64(1), np.int64(1))",0,-282.0,0
283,134,"(np.int64(1), np.int64(1), np.int64(1), np.int64(1), np.int64(1), np.int64(1), np.int64(1), np.int64(1), np.int64(1), np.int64(1), np.int64(1), np.int64(1))",2,-292.0,2
283,135,"(np.int64(1), np.int64(1), np.int64(1), np.int64(1), np.int64(1), np.int64(1), np.int64(1), np.int64(1), np.int64(1), np.int64(1), np.int64(1), np.int64(1))",2,-302.0,2
283,136,"(np.int64(1), np.int64(1), np.int64(1), np.int64(1), np.int64(1), np.int64(1), np.int64(1), np.int64(1), np.int64(1), np.int64(1), np.int64(1), np.int64(1))",0,-11.0,0
283,137,"(np.int64(1), np.int64(1), np.int64(1), np.int64(1), np.int64(1), np.int64(1), np.int64(1), np.int64(1), np.int64(1), np.int64(1), np.int64(1), np.int64(1))",0,-21.0,0
283,138,"(np.int64(1), np.int64(1), np.int64(1), np.int64(1), np.int64(1), np.int64(1), np.int64(1), np.int64(1), np.int64(1), np.int64(1), np.int64(1), np.int64(1))",0,-31.0,0
283,139,"(np.int64(1), np.int64(1), np.int64(1), np.int64(1), np.int64(1), np.int64(1), np.int64(1), np.int64(1), np.int64(1), np.int64(1), np.int64(1), np.int64(1))",0,-41.0,0
283,140,"(np.int64(1), np.int64(1), np.int64(1), np.int64(1), np.int64(1), np.int64(1), np.int64(1), np.int64(1), np.int64(1), np.int64(1), np.int64(1), np.int64(1))",0,-51.0,0
283,141,"(np.int64(1), np.int64(1), np.int64(1), np.int64(1), np.int64(1), np.int64(1), np.int64(1), np.int64(1), np.int64(1), np.int64(1), np.int64(1), np.int64(1))",0,-56.0,0
283,142,"(np.int64(1), np.int64(1), np.int64(1), np.int64(1), np.int64(1), np.int64(1), np.int64(1), np.int64(1), np.int64(1), np.int64(1), np.int64(1), np.int64(1))",0,-71.0,0
283,143,"(np.int64(1), np.int64(1), np.int64(1), np.int64(1), np.int64(1), np.int64(1), np.int64(1), np.int64(1), np.int64(1), np.int64(1), np.int64(1), np.int64(1))",0,-81.0,0
283,144,"(np.int64(1), np.int64(1), np.int64(1), np.int64(1), np.int64(1), np.int64(1), np.int64(1), np.int64(1), np.int64(1), np.int64(1), np.int64(1), np.int64(1))",0,-91.0,0
283,145,"(np.int64(1), np.int64(1), np.int64(1), np.int64(1), np.int64(1), np.int64(1), np.int64(1), np.int64(1), np.int64(1), np.int64(1), np.int64(1), np.int64(1))",0,-101.0,0
283,146,"(np.int64(1), np.int64(1), np.int64(1), np.int64(1), np.int64(1), np.int64(1), np.int64(1), np.int64(1), np.int64(1), np.int64(1), np.int64(1), np.int64(1))",0,-111.0,0
283,147,"(np.int64(1), np.int64(1), np.int64(1), np.int64(1), np.int64(1), np.int64(1), np.int64(1), np.int64(1), np.int64(1), np.int64(1), np.int64(1), np.int64(1))",0,-121.0,0
283,148,"(np.int64(1), np.int64(1), np.int64(1), np.int64(1), np.int64(1), np.int64(1), np.int64(1), np.int64(1), np.int64(1), np.int64(1), np.int64(1), np.int64(1))",0,-131.0,0
283,149,"(np.int64(1), np.int64(1), np.int64(1), np.int64(1), np.int64(1), np.int64(1), np.int64(1), np.int64(1), np.int64(1), np.int64(1), np.int64(1), np.int64(1))",0,-141.0,0
283,150,"(np.int64(1), np.int64(1), np.int64(1), np.int64(1), np.int64(1), np.int64(1), np.int64(1), np.int64(1), np.int64(1), np.int64(1), np.int64(1), np.int64(1))",0,-151.0,0
283,151,"(np.int64(1), np.int64(1), np.int64(1), np.int64(1), np.int64(1), np.int64(1), np.int64(1), np.int64(1), np.int64(1), np.int64(1), np.int64(1), np.int64(1))",2,-161.0,2
283,152,"(np.int64(1), np.int64(1), np.int64(1), np.int64(1), np.int64(1), np.int64(1), np.int64(1), np.int64(1), np.int64(1), np.int64(1), np.int64(1), np.int64(1))",0,-166.0,0
283,153,"(np.int64(1), np.int64(1), np.int64(1), np.int64(1), np.int64(1), np.int64(1), np.int64(1), np.int64(1), np.int64(1), np.int64(1), np.int64(1), np.int64(1))",0,-181.0,0
283,154,"(np.int64(1), np.int64(1), np.int64(1), np.int64(1), np.int64(1), np.int64(1), np.int64(1), np.int64(1), np.int64(1), np.int64(1), np.int64(1), np.int64(1))",0,-191.0,0
283,155,"(np.int64(1), np.int64(1), np.int64(1), np.int64(1), np.int64(1), np.int64(1), np.int64(1), np.int64(1), np.int64(1), np.int64(1), np.int64(1), np.int64(1))",0,-201.0,0
283,156,"(np.int64(1), np.int64(1), np.int64(1), np.int64(1), np.int64(1), np.int64(1), np.int64(1), np.int64(1), np.int64(1), np.int64(1), np.int64(1), np.int64(1))",0,-212.0,0
283,157,"(np.int64(1), np.int64(1), np.int64(1), np.int64(1), np.int64(1), np.int64(1), np.int64(1), np.int64(1), np.int64(1), np.int64(1), np.int64(1), np.int64(1))",0,-232.0,0
283,158,"(np.int64(1), np.int64(1), np.int64(1), np.int64(1), np.int64(1), np.int64(1), np.int64(1), np.int64(1), np.int64(1), np.int64(1), np.int64(1), np.int64(1))",0,-252.0,0
283,159,"(np.int64(1), np.int64(1), np.int64(1), np.int64(1), np.int64(1), np.int64(1), np.int64(1), np.int64(1), np.int64(1), np.int64(1), np.int64(1), np.int64(1))",0,-272.0,0
283,160,"(np.int64(1), np.int64(1), np.int64(1), np.int64(1), np.int64(1), np.int64(1), np.int64(1), np.int64(1), np.int64(1), np.int64(1), np.int64(1), np.int64(1))",2,-292.0,2
283,161,"(np.int64(1), np.int64(1), np.int64(1), np.int64(1), np.int64(1), np.int64(1), np.int64(1), np.int64(1), np.int64(1), np.int64(1), np.int64(1), np.int64(1))",2,-312.0,2
283,162,"(np.int64(1), np.int64(1), np.int64(1), np.int64(1), np.int64(1), np.int64(1), np.int64(1), np.int64(1), np.int64(1), np.int64(1), np.int64(1), np.int64(1))",2,-332.0,2
283,163,"(np.int64(1), np.int64(1), np.int64(1), np.int64(1), np.int64(1), np.int64(1), np.int64(1), np.int64(1), np.int64(1), np.int64(1), np.int64(1), np.int64(1))",0,-352.0,0
283,164,"(np.int64(1), np.int64(1), np.int64(1), np.int64(1), np.int64(1), np.int64(1), np.int64(1), np.int64(1), np.int64(1), np.int64(1), np.int64(1), np.int64(1))",2,-372.0,2
283,165,"(np.int64(1), np.int64(1), np.int64(1), np.int64(1), np.int64(1), np.int64(1), np.int64(1), np.int64(1), np.int64(1), np.int64(1), np.int64(1), np.int64(1))",0,-392.0,0
283,166,"(np.int64(1), np.int64(1), np.int64(1), np.int64(1), np.int64(1), np.int64(1), np.int64(1), np.int64(1), np.int64(1), np.int64(1), np.int64(1), np.int64(1))",0,-106.0,0
283,167,"(np.int64(1), np.int64(1), np.int64(1), np.int64(1), np.int64(1), np.int64(1), np.int64(1), np.int64(1), np.int64(1), np.int64(1), np.int64(1), np.int64(1))",0,-111.0,0
283,168,"(np.int64(1), np.int64(1), np.int64(1), np.int64(1), np.int64(1), np.int64(1), np.int64(1), np.int64(1), np.int64(1), np.int64(1), np.int64(1), np.int64(1))",2,-126.0,2
283,169,"(np.int64(1), np.int64(1), np.int64(1), np.int64(1), np.int64(1), np.int64(1), np.int64(1), np.int64(1), np.int64(1), np.int64(1), np.int64(1), np.int64(1))",0,-136.0,0
283,170,"(np.int64(1), np.int64(1), np.int64(1), np.int64(1), np.int64(1), np.int64(1), np.int64(1), np.int64(1), np.int64(1), np.int64(1), np.int64(1), np.int64(1))",0,-146.0,0
283,171,"(np.int64(1), np.int64(1), np.int64(1), np.int64(1), np.int64(1), np.int64(1), np.int64(1), np.int64(1), np.int64(1), np.int64(1), np.int64(1), np.int64(1))",0,-156.0,0
283,172,"(np.int64(1), np.int64(1), np.int64(1), np.int64(1), np.int64(1), np.int64(1), np.int64(1), np.int64(1), np.int64(1), np.int64(1), np.int64(1), np.int64(1))",0,-166.0,0
283,173,"(np.int64(1), np.int64(1), np.int64(1), np.int64(1), np.int64(1), np.int64(1), np.int64(1), np.int64(1), np.int64(1), np.int64(1), np.int64(1), np.int64(1))",2,-176.0,2
283,174,"(np.int64(1), np.int64(1), np.int64(1), np.int64(1), np.int64(1), np.int64(1), np.int64(1), np.int64(1), np.int64(1), np.int64(1), np.int64(1), np.int64(1))",0,-186.0,0
283,175,"(np.int64(1), np.int64(1), np.int64(1), np.int64(1), np.int64(1), np.int64(1), np.int64(1), np.int64(1), np.int64(1), np.int64(1), np.int64(1), np.int64(1))",2,-196.0,2
283,176,"(np.int64(1), np.int64(1), np.int64(1), np.int64(1), np.int64(1), np.int64(1), np.int64(1), np.int64(1), np.int64(1), np.int64(1), np.int64(1), np.int64(1))",0,-201.0,0
283,177,"(np.int64(1), np.int64(1), np.int64(1), np.int64(1), np.int64(1), np.int64(1), np.int64(1), np.int64(1), np.int64(1), np.int64(1), np.int64(1), np.int64(1))",2,-216.0,2
283,178,"(np.int64(1), np.int64(1), np.int64(1), np.int64(1), np.int64(1), np.int64(1), np.int64(1), np.int64(1), np.int64(1), np.int64(1), np.int64(1), np.int64(1))",0,-221.0,0
283,179,"(np.int64(1), np.int64(1), np.int64(1), np.int64(1), np.int64(1), np.int64(1), np.int64(1), np.int64(1), np.int64(1), np.int64(1), np.int64(1), np.int64(1))",2,-236.0,2
283,180,"(np.int64(1), np.int64(1), np.int64(1), np.int64(1), np.int64(1), np.int64(1), np.int64(1), np.int64(1), np.int64(1), np.int64(1), np.int64(1), np.int64(1))",0,-246.0,0
283,181,"(np.int64(1), np.int64(1), np.int64(1), np.int64(1), np.int64(1), np.int64(1), np.int64(1), np.int64(1), np.int64(1), np.int64(1), np.int64(1), np.int64(1))",2,-256.0,2
283,182,"(np.int64(1), np.int64(1), np.int64(1), np.int64(1), np.int64(1), np.int64(1), np.int64(1), np.int64(1), np.int64(1), np.int64(1), np.int64(1), np.int64(1))",0,-266.0,0
283,183,"(np.int64(1), np.int64(1), np.int64(1), np.int64(1), np.int64(1), np.int64(1), np.int64(1), np.int64(1), np.int64(1), np.int64(1), np.int64(1), np.int64(1))",2,-276.0,2
283,184,"(np.int64(1), np.int64(1), np.int64(1), np.int64(1), np.int64(1), np.int64(1), np.int64(1), np.int64(1), np.int64(1), np.int64(1), np.int64(1), np.int64(1))",0,-281.0,0
283,185,"(np.int64(1), np.int64(1), np.int64(1), np.int64(1), np.int64(1), np.int64(1), np.int64(1), np.int64(1), np.int64(1), np.int64(1), np.int64(1), np.int64(1))",2,-296.0,2
283,186,"(np.int64(1), np.int64(1), np.int64(1), np.int64(1), np.int64(1), np.int64(1), np.int64(1), np.int64(1), np.int64(1), np.int64(1), np.int64(1), np.int64(1))",0,-0.0,0
283,187,"(np.int64(1), np.int64(1), np.int64(1), np.int64(1), np.int64(1), np.int64(1), np.int64(1), np.int64(1), np.int64(1), np.int64(1), np.int64(1), np.int64(1))",0,-5.0,0
283,188,"(np.int64(1), np.int64(1), np.int64(1), np.int64(1), np.int64(1), np.int64(1), np.int64(1), np.int64(1), np.int64(1), np.int64(1), np.int64(1), np.int64(1))",0,-5.0,0
283,189,"(np.int64(1), np.int64(1), np.int64(1), np.int64(1), np.int64(1), np.int64(1), np.int64(1), np.int64(1), np.int64(1), np.int64(1), np.int64(1), np.int64(1))",0,-5.0,0
283,190,"(np.int64(1), np.int64(1), np.int64(1), np.int64(1), np.int64(1), np.int64(1), np.int64(1), np.int64(1), np.int64(1), np.int64(1), np.int64(1), np.int64(1))",0,-5.0,0
283,191,"(np.int64(1), np.int64(1), np.int64(1), np.int64(1), np.int64(1), np.int64(1), np.int64(1), np.int64(1), np.int64(1), np.int64(1), np.int64(1), np.int64(1))",0,-5.0,0
283,192,"(np.int64(1), np.int64(1), np.int64(1), np.int64(1), np.int64(1), np.int64(1), np.int64(1), np.int64(1), np.int64(1), np.int64(1), np.int64(1), np.int64(1))",0,-5.0,0
283,193,"(np.int64(1), np.int64(1), np.int64(1), np.int64(1), np.int64(1), np.int64(1), np.int64(1), np.int64(1), np.int64(1), np.int64(1), np.int64(1), np.int64(1))",0,-5.0,0
283,194,"(np.int64(1), np.int64(1), np.int64(1), np.int64(1), np.int64(1), np.int64(1), np.int64(1), np.int64(1), np.int64(1), np.int64(1), np.int64(1), np.int64(1))",0,-5.0,0
283,195,"(np.int64(1), np.int64(1), np.int64(1), np.int64(1), np.int64(1), np.int64(1), np.int64(1), np.int64(1), np.int64(1), np.int64(1), np.int64(1), np.int64(1))",0,-5.0,0
283,196,"(np.int64(1), np.int64(1), np.int64(1), np.int64(1), np.int64(1), np.int64(1), np.int64(1), np.int64(1), np.int64(1), np.int64(1), np.int64(1), np.int64(1))",0,-5.0,0
283,197,"(np.int64(1), np.int64(1), np.int64(1), np.int64(1), np.int64(1), np.int64(1), np.int64(1), np.int64(1), np.int64(1), np.int64(1), np.int64(1), np.int64(1))",0,-5.0,0
283,198,"(np.int64(1), np.int64(1), np.int64(1), np.int64(1), np.int64(1), np.int64(1), np.int64(1), np.int64(1), np.int64(1), np.int64(1), np.int64(1), np.int64(1))",0,-5.0,0
283,199,"(np.int64(1), np.int64(1), np.int64(1), np.int64(1), np.int64(1), np.int64(1), np.int64(1), np.int64(1), np.int64(1), np.int64(1), np.int64(1), np.int64(1))",0,-5.0,0
283,200,"(np.int64(1), np.int64(1), np.int64(1), np.int64(1), np.int64(1), np.int64(1), np.int64(1), np.int64(1), np.int64(1), np.int64(1), np.int64(1), np.int64(1))",2,-5.0,2
283,201,"(np.int64(1), np.int64(1), np.int64(1), np.int64(1), np.int64(1), np.int64(1), np.int64(1), np.int64(1), np.int64(1), np.int64(1), np.int64(1), np.int64(1))",0,-0.0,0
283,202,"(np.int64(1), np.int64(1), np.int64(1), np.int64(1), np.int64(1), np.int64(1), np.int64(1), np.int64(1), np.int64(1), np.int64(1), np.int64(1), np.int64(1))",0,-5.0,0
283,203,"(np.int64(1), np.int64(1), np.int64(1), np.int64(1), np.int64(1), np.int64(1), np.int64(1), np.int64(1), np.int64(1), np.int64(1), np.int64(1), np.int64(1))",0,-5.0,0
283,204,"(np.int64(1), np.int64(1), np.int64(1), np.int64(1), np.int64(1), np.int64(1), np.int64(1), np.int64(1), np.int64(1), np.int64(1), np.int64(1), np.int64(1))",0,-5.0,0
283,205,"(np.int64(1), np.int64(1), np.int64(1), np.int64(1), np.int64(1), np.int64(1), np.int64(1), np.int64(1), np.int64(1), np.int64(1), np.int64(1), np.int64(1))",0,-5.0,0
283,206,"(np.int64(1), np.int64(1), np.int64(1), np.int64(1), np.int64(1), np.int64(1), np.int64(1), np.int64(1), np.int64(1), np.int64(1), np.int64(1), np.int64(1))",0,-5.0,0
283,207,"(np.int64(1), np.int64(1), np.int64(1), np.int64(1), np.int64(1), np.int64(1), np.int64(1), np.int64(1), np.int64(1), np.int64(1), np.int64(1), np.int64(1))",0,-5.0,0
283,208,"(np.int64(1), np.int64(1), np.int64(1), np.int64(1), np.int64(1), np.int64(1), np.int64(1), np.int64(1), np.int64(1), np.int64(1), np.int64(1), np.int64(1))",0,-5.0,0
283,209,"(np.int64(1), np.int64(1), np.int64(1), np.int64(1), np.int64(1), np.int64(1), np.int64(1), np.int64(1), np.int64(1), np.int64(1), np.int64(1), np.int64(1))",0,-5.0,0
283,210,"(np.int64(1), np.int64(1), np.int64(1), np.int64(1), np.int64(1), np.int64(1), np.int64(1), np.int64(1), np.int64(1), np.int64(1), np.int64(1), np.int64(1))",0,-5.0,0
283,211,"(np.int64(1), np.int64(1), np.int64(1), np.int64(1), np.int64(1), np.int64(1), np.int64(1), np.int64(1), np.int64(1), np.int64(1), np.int64(1), np.int64(1))",0,-5.0,0
283,212,"(np.int64(1), np.int64(1), np.int64(1), np.int64(1), np.int64(1), np.int64(1), np.int64(1), np.int64(1), np.int64(1), np.int64(1), np.int64(1), np.int64(1))",0,-5.0,0
283,213,"(np.int64(1), np.int64(1), np.int64(1), np.int64(1), np.int64(1), np.int64(1), np.int64(1), np.int64(1), np.int64(1), np.int64(1), np.int64(1), np.int64(1))",0,-5.0,0
283,214,"(np.int64(1), np.int64(1), np.int64(1), np.int64(1), np.int64(1), np.int64(1), np.int64(1), np.int64(1), np.int64(1), np.int64(1), np.int64(1), np.int64(1))",0,-5.0,0
283,215,"(np.int64(1), np.int64(1), np.int64(1), np.int64(1), np.int64(1), np.int64(1), np.int64(1), np.int64(1), np.int64(1), np.int64(1), np.int64(1), np.int64(1))",0,-5.0,0
283,216,"(np.int64(1), np.int64(1), np.int64(1), np.int64(1), np.int64(1), np.int64(1), np.int64(1), np.int64(1), np.int64(1), np.int64(1), np.int64(1), np.int64(1))",0,-5.0,0
283,217,"(np.int64(1), np.int64(1), np.int64(1), np.int64(1), np.int64(1), np.int64(1), np.int64(1), np.int64(1), np.int64(1), np.int64(1), np.int64(1), np.int64(1))",0,-10.0,0
283,218,"(np.int64(1), np.int64(1), np.int64(1), np.int64(1), np.int64(1), np.int64(1), np.int64(1), np.int64(1), np.int64(1), np.int64(1), np.int64(1), np.int64(1))",0,-20.0,0
283,219,"(np.int64(1), np.int64(1), np.int64(1), np.int64(1), np.int64(1), np.int64(1), np.int64(1), np.int64(1), np.int64(1), np.int64(1), np.int64(1), np.int64(1))",0,-30.0,0
283,220,"(np.int64(1), np.int64(1), np.int64(1), np.int64(1), np.int64(1), np.int64(1), np.int64(1), np.int64(1), np.int64(1), np.int64(1), np.int64(1), np.int64(1))",0,-40.0,0
283,221,"(np.int64(1), np.int64(1), np.int64(1), np.int64(1), np.int64(1), np.int64(1), np.int64(1), np.int64(1), np.int64(1), np.int64(1), np.int64(1), np.int64(1))",2,-50.0,2
283,222,"(np.int64(1), np.int64(1), np.int64(1), np.int64(1), np.int64(1), np.int64(1), np.int64(1), np.int64(1), np.int64(1), np.int64(1), np.int64(1), np.int64(1))",0,-55.0,0
283,223,"(np.int64(1), np.int64(1), np.int64(1), np.int64(1), np.int64(1), np.int64(1), np.int64(1), np.int64(1), np.int64(1), np.int64(1), np.int64(1), np.int64(1))",0,-70.0,0
283,224,"(np.int64(1), np.int64(1), np.int64(1), np.int64(1), np.int64(1), np.int64(1), np.int64(1), np.int64(1), np.int64(1), np.int64(1), np.int64(1), np.int64(1))",2,-80.0,2
283,225,"(np.int64(1), np.int64(1), np.int64(1), np.int64(1), np.int64(1), np.int64(1), np.int64(1), np.int64(1), np.int64(1), np.int64(1), np.int64(1), np.int64(1))",0,-90.0,0
283,226,"(np.int64(1), np.int64(1), np.int64(1), np.int64(1), np.int64(1), np.int64(1), np.int64(1), np.int64(1), np.int64(1), np.int64(1), np.int64(1), np.int64(1))",0,-100.0,0
283,227,"(np.int64(1), np.int64(1), np.int64(1), np.int64(1), np.int64(1), np.int64(1), np.int64(1), np.int64(1), np.int64(1), np.int64(1), np.int64(1), np.int64(1))",0,-110.0,0
283,228,"(np.int64(1), np.int64(1), np.int64(1), np.int64(1), np.int64(1), np.int64(1), np.int64(1), np.int64(1), np.int64(1), np.int64(1), np.int64(1), np.int64(1))",0,-120.0,0
283,229,"(np.int64(1), np.int64(1), np.int64(1), np.int64(1), np.int64(1), np.int64(1), np.int64(1), np.int64(1), np.int64(1), np.int64(1), np.int64(1), np.int64(1))",0,-130.0,0
283,230,"(np.int64(1), np.int64(1), np.int64(1), np.int64(1), np.int64(1), np.int64(1), np.int64(1), np.int64(1), np.int64(1), np.int64(1), np.int64(1), np.int64(1))",0,-140.0,0
283,231,"(np.int64(1), np.int64(1), np.int64(1), np.int64(1), np.int64(1), np.int64(1), np.int64(1), np.int64(1), np.int64(1), np.int64(1), np.int64(1), np.int64(1))",0,-150.0,0
283,232,"(np.int64(1), np.int64(1), np.int64(1), np.int64(1), np.int64(1), np.int64(1), np.int64(1), np.int64(1), np.int64(1), np.int64(1), np.int64(1), np.int64(1))",0,-160.0,0
283,233,"(np.int64(1), np.int64(1), np.int64(1), np.int64(1), np.int64(1), np.int64(1), np.int64(1), np.int64(1), np.int64(1), np.int64(1), np.int64(1), np.int64(1))",0,-170.0,0
283,234,"(np.int64(1), np.int64(1), np.int64(1), np.int64(1), np.int64(1), np.int64(1), np.int64(1), np.int64(1), np.int64(1), np.int64(1), np.int64(1), np.int64(1))",0,-180.0,0
283,235,"(np.int64(1), np.int64(1), np.int64(1), np.int64(1), np.int64(1), np.int64(1), np.int64(1), np.int64(1), np.int64(1), np.int64(1), np.int64(1), np.int64(1))",0,-190.0,0
283,236,"(np.int64(1), np.int64(1), np.int64(1), np.int64(1), np.int64(1), np.int64(1), np.int64(1), np.int64(1), np.int64(1), np.int64(1), np.int64(1), np.int64(1))",0,-200.0,0
283,237,"(np.int64(1), np.int64(1), np.int64(1), np.int64(1), np.int64(1), np.int64(1), np.int64(1), np.int64(1), np.int64(1), np.int64(1), np.int64(1), np.int64(1))",0,-210.0,0
283,238,"(np.int64(1), np.int64(1), np.int64(1), np.int64(1), np.int64(1), np.int64(1), np.int64(1), np.int64(1), np.int64(1), np.int64(1), np.int64(1), np.int64(1))",0,-220.0,0
283,239,"(np.int64(1), np.int64(1), np.int64(1), np.int64(1), np.int64(1), np.int64(1), np.int64(1), np.int64(1), np.int64(1), np.int64(1), np.int64(1), np.int64(1))",0,-230.0,0
283,240,"(np.int64(1), np.int64(1), np.int64(1), np.int64(1), np.int64(1), np.int64(1), np.int64(1), np.int64(1), np.int64(1), np.int64(1), np.int64(1), np.int64(1))",0,-240.0,0
283,241,"(np.int64(1), np.int64(1), np.int64(1), np.int64(1), np.int64(1), np.int64(1), np.int64(1), np.int64(1), np.int64(1), np.int64(1), np.int64(1), np.int64(1))",0,-250.0,0
283,242,"(np.int64(1), np.int64(1), np.int64(1), np.int64(1), np.int64(1), np.int64(1), np.int64(1), np.int64(1), np.int64(1), np.int64(1), np.int64(1), np.int64(1))",0,-260.0,0
283,243,"(np.int64(1), np.int64(1), np.int64(1), np.int64(1), np.int64(1), np.int64(1), np.int64(1), np.int64(1), np.int64(1), np.int64(1), np.int64(1), np.int64(1))",0,-270.0,0
283,244,"(np.int64(1), np.int64(1), np.int64(1), np.int64(1), np.int64(1), np.int64(1), np.int64(1), np.int64(1), np.int64(1), np.int64(1), np.int64(1), np.int64(1))",0,-280.0,0
283,245,"(np.int64(1), np.int64(1), np.int64(1), np.int64(1), np.int64(1), np.int64(1), np.int64(1), np.int64(1), np.int64(1), np.int64(1), np.int64(1), np.int64(1))",0,-290.0,0
283,246,"(np.int64(1), np.int64(1), np.int64(1), np.int64(1), np.int64(1), np.int64(1), np.int64(1), np.int64(1), np.int64(1), np.int64(1), np.int64(1), np.int64(1))",0,-300.0,0
283,247,"(np.int64(1), np.int64(1), np.int64(1), np.int64(1), np.int64(1), np.int64(1), np.int64(1), np.int64(1), np.int64(1), np.int64(1), np.int64(1), np.int64(1))",0,-5.0,0
283,248,"(np.int64(1), np.int64(1), np.int64(1), np.int64(1), np.int64(1), np.int64(1), np.int64(1), np.int64(1), np.int64(1), np.int64(1), np.int64(1), np.int64(1))",0,-5.0,0
283,249,"(np.int64(1), np.int64(1), np.int64(1), np.int64(1), np.int64(1), np.int64(1), np.int64(1), np.int64(1), np.int64(1), np.int64(1), np.int64(1), np.int64(1))",0,-5.0,0
283,250,"(np.int64(1), np.int64(1), np.int64(1), np.int64(1), np.int64(1), np.int64(1), np.int64(1), np.int64(1), np.int64(1), np.int64(1), np.int64(1), np.int64(1))",0,-5.0,0
283,251,"(np.int64(1), np.int64(1), np.int64(1), np.int64(1), np.int64(1), np.int64(1), np.int64(1), np.int64(1), np.int64(1), np.int64(1), np.int64(1), np.int64(1))",0,-5.0,0
283,252,"(np.int64(1), np.int64(1), np.int64(1), np.int64(1), np.int64(1), np.int64(1), np.int64(1), np.int64(1), np.int64(1), np.int64(1), np.int64(1), np.int64(1))",0,-5.0,0
283,253,"(np.int64(1), np.int64(1), np.int64(1), np.int64(1), np.int64(1), np.int64(1), np.int64(1), np.int64(1), np.int64(1), np.int64(1), np.int64(1), np.int64(1))",0,-5.0,0
283,254,"(np.int64(1), np.int64(1), np.int64(1), np.int64(1), np.int64(1), np.int64(1), np.int64(1), np.int64(1), np.int64(1), np.int64(1), np.int64(1), np.int64(1))",0,-5.0,0
283,255,"(np.int64(1), np.int64(1), np.int64(1), np.int64(1), np.int64(1), np.int64(1), np.int64(1), np.int64(1), np.int64(1), np.int64(1), np.int64(1), np.int64(1))",0,-5.0,0
283,256,"(np.int64(1), np.int64(1), np.int64(1), np.int64(1), np.int64(1), np.int64(1), np.int64(1), np.int64(1), np.int64(1), np.int64(1), np.int64(1), np.int64(1))",0,-5.0,0
283,257,"(np.int64(1), np.int64(1), np.int64(1), np.int64(1), np.int64(1), np.int64(1), np.int64(1), np.int64(1), np.int64(1), np.int64(1), np.int64(1), np.int64(1))",0,-6.0,0
283,258,"(np.int64(1), np.int64(1), np.int64(1), np.int64(1), np.int64(1), np.int64(1), np.int64(1), np.int64(1), np.int64(1), np.int64(1), np.int64(1), np.int64(1))",0,-16.0,0
283,259,"(np.int64(1), np.int64(1), np.int64(1), np.int64(1), np.int64(1), np.int64(1), np.int64(1), np.int64(1), np.int64(1), np.int64(1), np.int64(1), np.int64(1))",0,-5.0,0
283,260,"(np.int64(1), np.int64(1), np.int64(1), np.int64(1), np.int64(1), np.int64(1), np.int64(1), np.int64(1), np.int64(1), np.int64(1), np.int64(1), np.int64(1))",0,-5.0,0
283,261,"(np.int64(1), np.int64(1), np.int64(1), np.int64(1), np.int64(1), np.int64(1), np.int64(1), np.int64(1), np.int64(1), np.int64(1), np.int64(1), np.int64(1))",0,-5.0,0
283,262,"(np.int64(1), np.int64(1), np.int64(1), np.int64(1), np.int64(1), np.int64(1), np.int64(1), np.int64(1), np.int64(1), np.int64(1), np.int64(1), np.int64(1))",0,-5.0,0
283,263,"(np.int64(1), np.int64(1), np.int64(1), np.int64(1), np.int64(1), np.int64(1), np.int64(1), np.int64(1), np.int64(1), np.int64(1), np.int64(1), np.int64(1))",0,-5.0,0
283,264,"(np.int64(1), np.int64(1), np.int64(1), np.int64(1), np.int64(1), np.int64(1), np.int64(1), np.int64(1), np.int64(1), np.int64(1), np.int64(1), np.int64(1))",0,-5.0,0
283,265,"(np.int64(1), np.int64(1), np.int64(1), np.int64(1), np.int64(1), np.int64(1), np.int64(1), np.int64(1), np.int64(1), np.int64(1), np.int64(1), np.int64(1))",0,-5.0,0
283,266,"(np.int64(1), np.int64(1), np.int64(1), np.int64(1), np.int64(1), np.int64(1), np.int64(1), np.int64(1), np.int64(1), np.int64(1), np.int64(1), np.int64(1))",0,-5.0,0
283,267,"(np.int64(1), np.int64(1), np.int64(1), np.int64(1), np.int64(1), np.int64(1), np.int64(1), np.int64(1), np.int64(1), np.int64(1), np.int64(1), np.int64(1))",0,-5.0,0
283,268,"(np.int64(1), np.int64(1), np.int64(1), np.int64(1), np.int64(1), np.int64(1), np.int64(1), np.int64(1), np.int64(1), np.int64(1), np.int64(1), np.int64(1))",0,-5.0,0
283,269,"(np.int64(1), np.int64(1), np.int64(1), np.int64(1), np.int64(1), np.int64(1), np.int64(1), np.int64(1), np.int64(1), np.int64(1), np.int64(1), np.int64(1))",0,-5.0,0
283,270,"(np.int64(1), np.int64(1), np.int64(1), np.int64(1), np.int64(1), np.int64(1), np.int64(1), np.int64(1), np.int64(1), np.int64(1), np.int64(1), np.int64(1))",0,-5.0,0
283,271,"(np.int64(1), np.int64(1), np.int64(1), np.int64(1), np.int64(1), np.int64(1), np.int64(1), np.int64(1), np.int64(1), np.int64(1), np.int64(1), np.int64(1))",0,-5.0,0
283,272,"(np.int64(1), np.int64(1), np.int64(1), np.int64(1), np.int64(1), np.int64(1), np.int64(1), np.int64(1), np.int64(1), np.int64(1), np.int64(1), np.int64(1))",0,-5.0,0
283,273,"(np.int64(1), np.int64(1), np.int64(1), np.int64(1), np.int64(1), np.int64(1), np.int64(1), np.int64(1), np.int64(1), np.int64(1), np.int64(1), np.int64(1))",0,-5.0,0
283,274,"(np.int64(1), np.int64(1), np.int64(1), np.int64(1), np.int64(1), np.int64(1), np.int64(1), np.int64(1), np.int64(1), np.int64(1), np.int64(1), np.int64(1))",0,-5.0,0
283,275,"(np.int64(1), np.int64(1), np.int64(1), np.int64(1), np.int64(1), np.int64(1), np.int64(1), np.int64(1), np.int64(1), np.int64(1), np.int64(1), np.int64(1))",0,-5.0,0
283,276,"(np.int64(1), np.int64(1), np.int64(1), np.int64(1), np.int64(1), np.int64(1), np.int64(1), np.int64(1), np.int64(1), np.int64(1), np.int64(1), np.int64(1))",0,-5.0,0
283,277,"(np.int64(1), np.int64(1), np.int64(1), np.int64(1), np.int64(1), np.int64(1), np.int64(1), np.int64(1), np.int64(1), np.int64(1), np.int64(1), np.int64(1))",0,-5.0,0
283,278,"(np.int64(1), np.int64(1), np.int64(1), np.int64(1), np.int64(1), np.int64(1), np.int64(1), np.int64(1), np.int64(1), np.int64(1), np.int64(1), np.int64(1))",0,-14.0,0
283,279,"(np.int64(1), np.int64(1), np.int64(1), np.int64(1), np.int64(1), np.int64(1), np.int64(1), np.int64(1), np.int64(1), np.int64(1), np.int64(1), np.int64(1))",0,-24.0,0
283,280,"(np.int64(1), np.int64(1), np.int64(1), np.int64(1), np.int64(1), np.int64(1), np.int64(1), np.int64(1), np.int64(1), np.int64(1), np.int64(1), np.int64(1))",0,-34.0,0
283,281,"(np.int64(1), np.int64(1), np.int64(1), np.int64(1), np.int64(1), np.int64(1), np.int64(1), np.int64(1), np.int64(1), np.int64(1), np.int64(1), np.int64(1))",0,-44.0,0
283,282,"(np.int64(1), np.int64(1), np.int64(1), np.int64(1), np.int64(1), np.int64(1), np.int64(1), np.int64(1), np.int64(1), np.int64(1), np.int64(1), np.int64(1))",0,-54.0,0
283,283,"(np.int64(1), np.int64(1), np.int64(1), np.int64(1), np.int64(1), np.int64(1), np.int64(1), np.int64(1), np.int64(1), np.int64(1), np.int64(1), np.int64(1))",0,-59.0,0
283,284,"(np.int64(1), np.int64(1), np.int64(1), np.int64(1), np.int64(1), np.int64(1), np.int64(1), np.int64(1), np.int64(1), np.int64(1), np.int64(1), np.int64(1))",0,-74.0,0
283,285,"(np.int64(1), np.int64(1), np.int64(1), np.int64(1), np.int64(1), np.int64(1), np.int64(1), np.int64(1), np.int64(1), np.int64(1), np.int64(1), np.int64(1))",0,-84.0,0
283,286,"(np.int64(1), np.int64(1), np.int64(1), np.int64(1), np.int64(1), np.int64(1), np.int64(1), np.int64(1), np.int64(1), np.int64(1), np.int64(1), np.int64(1))",0,-94.0,0
283,287,"(np.int64(1), np.int64(1), np.int64(1), np.int64(1), np.int64(1), np.int64(1), np.int64(1), np.int64(1), np.int64(1), np.int64(1), np.int64(1), np.int64(1))",0,-104.0,0
283,288,"(np.int64(1), np.int64(1), np.int64(1), np.int64(1), np.int64(1), np.int64(1), np.int64(1), np.int64(1), np.int64(1), np.int64(1), np.int64(1), np.int64(1))",0,-114.0,0
283,289,"(np.int64(1), np.int64(1), np.int64(1), np.int64(1), np.int64(1), np.int64(1), np.int64(1), np.int64(1), np.int64(1), np.int64(1), np.int64(1), np.int64(1))",0,-124.0,0
283,290,"(np.int64(1), np.int64(1), np.int64(1), np.int64(1), np.int64(1), np.int64(1), np.int64(1), np.int64(1), np.int64(1), np.int64(1), np.int64(1), np.int64(1))",0,-134.0,0
283,291,"(np.int64(1), np.int64(1), np.int64(1), np.int64(1), np.int64(1), np.int64(1), np.int64(1), np.int64(1), np.int64(1), np.int64(1), np.int64(1), np.int64(1))",0,-139.0,0
283,292,"(np.int64(1), np.int64(1), np.int64(1), np.int64(1), np.int64(1), np.int64(1), np.int64(1), np.int64(1), np.int64(1), np.int64(1), np.int64(1), np.int64(1))",0,-154.0,0
283,293,"(np.int64(1), np.int64(1), np.int64(1), np.int64(1), np.int64(1), np.int64(1), np.int64(1), np.int64(1), np.int64(1), np.int64(1), np.int64(1), np.int64(1))",0,-164.0,0
283,294,"(np.int64(1), np.int64(1), np.int64(1), np.int64(1), np.int64(1), np.int64(1), np.int64(1), np.int64(1), np.int64(1), np.int64(1), np.int64(1), np.int64(1))",0,-174.0,0
283,295,"(np.int64(1), np.int64(1), np.int64(1), np.int64(1), np.int64(1), np.int64(1), np.int64(1), np.int64(1), np.int64(1), np.int64(1), np.int64(1), np.int64(1))",0,-184.0,0
283,296,"(np.int64(1), np.int64(1), np.int64(1), np.int64(1), np.int64(1), np.int64(1), np.int64(1), np.int64(1), np.int64(1), np.int64(1), np.int64(1), np.int64(1))",0,-194.0,0
283,297,"(np.int64(1), np.int64(1), np.int64(1), np.int64(1), np.int64(1), np.int64(1), np.int64(1), np.int64(1), np.int64(1), np.int64(1), np.int64(1), np.int64(1))",0,-204.0,0
283,298,"(np.int64(1), np.int64(1), np.int64(1), np.int64(1), np.int64(1), np.int64(1), np.int64(1), np.int64(1), np.int64(1), np.int64(1), np.int64(1), np.int64(1))",0,-221.0,0
283,299,"(np.int64(1), np.int64(1), np.int64(1), np.int64(1), np.int64(1), np.int64(1), np.int64(1), np.int64(1), np.int64(1), np.int64(1), np.int64(1), np.int64(1))",0,-241.0,0
283,300,"(np.int64(1), np.int64(1), np.int64(1), np.int64(1), np.int64(1), np.int64(1), np.int64(1), np.int64(1), np.int64(1), np.int64(1), np.int64(1), np.int64(1))",0,-261.0,0
283,301,"(np.int64(1), np.int64(1), np.int64(1), np.int64(1), np.int64(1), np.int64(1), np.int64(1), np.int64(1), np.int64(1), np.int64(1), np.int64(1), np.int64(1))",0,-281.0,0
283,302,"(np.int64(1), np.int64(1), np.int64(1), np.int64(1), np.int64(1), np.int64(1), np.int64(1), np.int64(1), np.int64(1), np.int64(1), np.int64(1), np.int64(1))",2,-301.0,2
283,303,"(np.int64(1), np.int64(1), np.int64(1), np.int64(1), np.int64(1), np.int64(1), np.int64(1), np.int64(1), np.int64(1), np.int64(1), np.int64(1), np.int64(1))",0,-316.0,0
283,304,"(np.int64(1), np.int64(1), np.int64(1), np.int64(1), np.int64(1), np.int64(1), np.int64(1), np.int64(1), np.int64(1), np.int64(1), np.int64(1), np.int64(1))",0,-336.0,0
283,305,"(np.int64(1), np.int64(1), np.int64(1), np.int64(1), np.int64(1), np.int64(1), np.int64(1), np.int64(1), np.int64(1), np.int64(1), np.int64(1), np.int64(1))",0,-361.0,0
283,306,"(np.int64(1), np.int64(1), np.int64(1), np.int64(1), np.int64(1), np.int64(1), np.int64(1), np.int64(1), np.int64(1), np.int64(1), np.int64(1), np.int64(1))",0,-381.0,0
283,307,"(np.int64(1), np.int64(1), np.int64(1), np.int64(1), np.int64(1), np.int64(1), np.int64(1), np.int64(1), np.int64(1), np.int64(1), np.int64(1), np.int64(1))",0,-401.0,0
283,308,"(np.int64(1), np.int64(1), np.int64(1), np.int64(1), np.int64(1), np.int64(1), np.int64(1), np.int64(1), np.int64(1), np.int64(1), np.int64(1), np.int64(1))",0,-112.0,0
283,309,"(np.int64(1), np.int64(1), np.int64(1), np.int64(1), np.int64(1), np.int64(1), np.int64(1), np.int64(1), np.int64(1), np.int64(1), np.int64(1), np.int64(1))",0,-122.0,0
283,310,"(np.int64(1), np.int64(1), np.int64(1), np.int64(1), np.int64(1), np.int64(1), np.int64(1), np.int64(1), np.int64(1), np.int64(1), np.int64(1), np.int64(1))",0,-132.0,0
283,311,"(np.int64(1), np.int64(1), np.int64(1), np.int64(1), np.int64(1), np.int64(1), np.int64(1), np.int64(1), np.int64(1), np.int64(1), np.int64(1), np.int64(1))",0,-142.0,0
283,312,"(np.int64(1), np.int64(1), np.int64(1), np.int64(1), np.int64(1), np.int64(1), np.int64(1), np.int64(1), np.int64(1), np.int64(1), np.int64(1), np.int64(1))",0,-152.0,0
283,313,"(np.int64(1), np.int64(1), np.int64(1), np.int64(1), np.int64(1), np.int64(1), np.int64(1), np.int64(1), np.int64(1), np.int64(1), np.int64(1), np.int64(1))",0,-162.0,0
283,314,"(np.int64(1), np.int64(1), np.int64(1), np.int64(1), np.int64(1), np.int64(1), np.int64(1), np.int64(1), np.int64(1), np.int64(1), np.int64(1), np.int64(1))",0,-172.0,0
283,315,"(np.int64(1), np.int64(1), np.int64(1), np.int64(1), np.int64(1), np.int64(1), np.int64(1), np.int64(1), np.int64(1), np.int64(1), np.int64(1), np.int64(1))",0,-182.0,0
283,316,"(np.int64(1), np.int64(1), np.int64(1), np.int64(1), np.int64(1), np.int64(1), np.int64(1), np.int64(1), np.int64(1), np.int64(1), np.int64(1), np.int64(1))",0,-192.0,0
283,317,"(np.int64(1), np.int64(1), np.int64(1), np.int64(1), np.int64(1), np.int64(1), np.int64(1), np.int64(1), np.int64(1), np.int64(1), np.int64(1), np.int64(1))",0,-202.0,0
283,318,"(np.int64(1), np.int64(1), np.int64(1), np.int64(1), np.int64(1), np.int64(1), np.int64(1), np.int64(1), np.int64(1), np.int64(1), np.int64(1), np.int64(1))",0,-212.0,0
283,319,"(np.int64(1), np.int64(1), np.int64(1), np.int64(1), np.int64(1), np.int64(1), np.int64(1), np.int64(1), np.int64(1), np.int64(1), np.int64(1), np.int64(1))",0,-222.0,0
283,320,"(np.int64(1), np.int64(1), np.int64(1), np.int64(1), np.int64(1), np.int64(1), np.int64(1), np.int64(1), np.int64(1), np.int64(1), np.int64(1), np.int64(1))",0,-232.0,0
283,321,"(np.int64(1), np.int64(1), np.int64(1), np.int64(1), np.int64(1), np.int64(1), np.int64(1), np.int64(1), np.int64(1), np.int64(1), np.int64(1), np.int64(1))",0,-242.0,0
283,322,"(np.int64(1), np.int64(1), np.int64(1), np.int64(1), np.int64(1), np.int64(1), np.int64(1), np.int64(1), np.int64(1), np.int64(1), np.int64(1), np.int64(1))",2,-252.0,2
283,323,"(np.int64(1), np.int64(1), np.int64(1), np.int64(1), np.int64(1), np.int64(1), np.int64(1), np.int64(1), np.int64(1), np.int64(1), np.int64(1), np.int64(1))",2,-262.0,2
283,324,"(np.int64(1), np.int64(1), np.int64(1), np.int64(1), np.int64(1), np.int64(1), np.int64(1), np.int64(1), np.int64(1), np.int64(1), np.int64(1), np.int64(1))",0,-272.0,0
283,325,"(np.int64(1), np.int64(1), np.int64(1), np.int64(1), np.int64(1), np.int64(1), np.int64(1), np.int64(1), np.int64(1), np.int64(1), np.int64(1), np.int64(1))",2,-282.0,2
283,326,"(np.int64(1), np.int64(1), np.int64(1), np.int64(1), np.int64(1), np.int64(1), np.int64(1), np.int64(1), np.int64(1), np.int64(1), np.int64(1), np.int64(1))",0,-292.0,0
283,327,"(np.int64(1), np.int64(1), np.int64(1), np.int64(1), np.int64(1), np.int64(1), np.int64(1), np.int64(1), np.int64(1), np.int64(1), np.int64(1), np.int64(1))",2,-302.0,2
283,328,"(np.int64(1), np.int64(1), np.int64(1), np.int64(1), np.int64(1), np.int64(1), np.int64(1), np.int64(1), np.int64(1), np.int64(1), np.int64(1), np.int64(1))",0,-0.0,0
283,329,"(np.int64(1), np.int64(1), np.int64(1), np.int64(1), np.int64(1), np.int64(1), np.int64(1), np.int64(1), np.int64(1), np.int64(1), np.int64(1), np.int64(1))",0,-5.0,0
283,330,"(np.int64(1), np.int64(1), np.int64(1), np.int64(1), np.int64(1), np.int64(1), np.int64(1), np.int64(1), np.int64(1), np.int64(1), np.int64(1), np.int64(1))",2,-5.0,2
283,331,"(np.int64(1), np.int64(1), np.int64(1), np.int64(1), np.int64(1), np.int64(1), np.int64(1), np.int64(1), np.int64(1), np.int64(1), np.int64(1), np.int64(1))",0,-5.0,0
283,332,"(np.int64(1), np.int64(1), np.int64(1), np.int64(1), np.int64(1), np.int64(1), np.int64(1), np.int64(1), np.int64(1), np.int64(1), np.int64(1), np.int64(1))",0,-5.0,0
283,333,"(np.int64(1), np.int64(1), np.int64(1), np.int64(1), np.int64(1), np.int64(1), np.int64(1), np.int64(1), np.int64(1), np.int64(1), np.int64(1), np.int64(1))",0,-5.0,0
283,334,"(np.int64(1), np.int64(1), np.int64(1), np.int64(1), np.int64(1), np.int64(1), np.int64(1), np.int64(1), np.int64(1), np.int64(1), np.int64(1), np.int64(1))",0,-5.0,0
283,335,"(np.int64(1), np.int64(1), np.int64(1), np.int64(1), np.int64(1), np.int64(1), np.int64(1), np.int64(1), np.int64(1), np.int64(1), np.int64(1), np.int64(1))",0,-5.0,0
283,336,"(np.int64(1), np.int64(1), np.int64(1), np.int64(1), np.int64(1), np.int64(1), np.int64(1), np.int64(1), np.int64(1), np.int64(1), np.int64(1), np.int64(1))",0,-5.0,0
283,337,"(np.int64(1), np.int64(1), np.int64(1), np.int64(1), np.int64(1), np.int64(1), np.int64(1), np.int64(1), np.int64(1), np.int64(1), np.int64(1), np.int64(1))",2,-5.0,2
283,338,"(np.int64(1), np.int64(1), np.int64(1), np.int64(1), np.int64(1), np.int64(1), np.int64(1), np.int64(1), np.int64(1), np.int64(1), np.int64(1), np.int64(1))",0,-8.0,0
283,339,"(np.int64(1), np.int64(1), np.int64(1), np.int64(1), np.int64(1), np.int64(1), np.int64(1), np.int64(1), np.int64(1), np.int64(1), np.int64(1), np.int64(1))",0,-18.0,0
283,340,"(np.int64(1), np.int64(1), np.int64(1), np.int64(1), np.int64(1), np.int64(1), np.int64(1), np.int64(1), np.int64(1), np.int64(1), np.int64(1), np.int64(1))",0,-28.0,0
283,341,"(np.int64(1), np.int64(1), np.int64(1), np.int64(1), np.int64(1), np.int64(1), np.int64(1), np.int64(1), np.int64(1), np.int64(1), np.int64(1), np.int64(1))",0,-38.0,0
283,342,"(np.int64(1), np.int64(1), np.int64(1), np.int64(1), np.int64(1), np.int64(1), np.int64(1), np.int64(1), np.int64(1), np.int64(1), np.int64(1), np.int64(1))",0,-48.0,0
283,343,"(np.int64(1), np.int64(1), np.int64(1), np.int64(1), np.int64(1), np.int64(1), np.int64(1), np.int64(1), np.int64(1), np.int64(1), np.int64(1), np.int64(1))",0,-58.0,0
283,344,"(np.int64(1), np.int64(1), np.int64(1), np.int64(1), np.int64(1), np.int64(1), np.int64(1), np.int64(1), np.int64(1), np.int64(1), np.int64(1), np.int64(1))",0,-68.0,0
283,345,"(np.int64(1), np.int64(1), np.int64(1), np.int64(1), np.int64(1), np.int64(1), np.int64(1), np.int64(1), np.int64(1), np.int64(1), np.int64(1), np.int64(1))",0,-78.0,0
283,346,"(np.int64(1), np.int64(1), np.int64(1), np.int64(1), np.int64(1), np.int64(1), np.int64(1), np.int64(1), np.int64(1), np.int64(1), np.int64(1), np.int64(1))",0,-88.0,0
283,347,"(np.int64(1), np.int64(1), np.int64(1), np.int64(1), np.int64(1), np.int64(1), np.int64(1), np.int64(1), np.int64(1), np.int64(1), np.int64(1), np.int64(1))",0,-98.0,0
283,348,"(np.int64(1), np.int64(1), np.int64(1), np.int64(1), np.int64(1), np.int64(1), np.int64(1), np.int64(1), np.int64(1), np.int64(1), np.int64(1), np.int64(1))",0,-108.0,0
283,349,"(np.int64(1), np.int64(1), np.int64(1), np.int64(1), np.int64(1), np.int64(1), np.int64(1), np.int64(1), np.int64(1), np.int64(1), np.int64(1), np.int64(1))",0,-118.0,0
283,350,"(np.int64(1), np.int64(1), np.int64(1), np.int64(1), np.int64(1), np.int64(1), np.int64(1), np.int64(1), np.int64(1), np.int64(1), np.int64(1), np.int64(1))",0,-128.0,0
283,351,"(np.int64(1), np.int64(1), np.int64(1), np.int64(1), np.int64(1), np.int64(1), np.int64(1), np.int64(1), np.int64(1), np.int64(1), np.int64(1), np.int64(1))",0,-138.0,0
283,352,"(np.int64(1), np.int64(1), np.int64(1), np.int64(1), np.int64(1), np.int64(1), np.int64(1), np.int64(1), np.int64(1), np.int64(1), np.int64(1), np.int64(1))",0,-148.0,0
283,353,"(np.int64(1), np.int64(1), np.int64(1), np.int64(1), np.int64(1), np.int64(1), np.int64(1), np.int64(1), np.int64(1), np.int64(1), np.int64(1), np.int64(1))",0,-158.0,0
283,354,"(np.int64(1), np.int64(1), np.int64(1), np.int64(1), np.int64(1), np.int64(1), np.int64(1), np.int64(1), np.int64(1), np.int64(1), np.int64(1), np.int64(1))",0,-168.0,0
283,355,"(np.int64(1), np.int64(1), np.int64(1), np.int64(1), np.int64(1), np.int64(1), np.int64(1), np.int64(1), np.int64(1), np.int64(1), np.int64(1), np.int64(1))",0,-178.0,0
283,356,"(np.int64(1), np.int64(1), np.int64(1), np.int64(1), np.int64(1), np.int64(1), np.int64(1), np.int64(1), np.int64(1), np.int64(1), np.int64(1), np.int64(1))",2,-188.0,2
283,357,"(np.int64(1), np.int64(1), np.int64(1), np.int64(1), np.int64(1), np.int64(1), np.int64(1), np.int64(1), np.int64(1), np.int64(1), np.int64(1), np.int64(1))",0,-198.0,0
283,358,"(np.int64(1), np.int64(1), np.int64(1), np.int64(1), np.int64(1), np.int64(1), np.int64(1), np.int64(1), np.int64(1), np.int64(1), np.int64(1), np.int64(1))",0,-208.0,0
283,359,"(np.int64(1), np.int64(1), np.int64(1), np.int64(1), np.int64(1), np.int64(1), np.int64(1), np.int64(1), np.int64(1), np.int64(1), np.int64(1), np.int64(1))",0,-218.0,0
283,360,"(np.int64(1), np.int64(1), np.int64(1), np.int64(1), np.int64(1), np.int64(1), np.int64(1), np.int64(1), np.int64(1), np.int64(1), np.int64(1), np.int64(1))",0,-228.0,0
283,361,"(np.int64(1), np.int64(1), np.int64(1), np.int64(1), np.int64(1), np.int64(1), np.int64(1), np.int64(1), np.int64(1), np.int64(1), np.int64(1), np.int64(1))",0,-238.0,0
283,362,"(np.int64(1), np.int64(1), np.int64(1), np.int64(1), np.int64(1), np.int64(1), np.int64(1), np.int64(1), np.int64(1), np.int64(1), np.int64(1), np.int64(1))",0,-248.0,0
283,363,"(np.int64(1), np.int64(1), np.int64(1), np.int64(1), np.int64(1), np.int64(1), np.int64(1), np.int64(1), np.int64(1), np.int64(1), np.int64(1), np.int64(1))",0,-258.0,0
283,364,"(np.int64(1), np.int64(1), np.int64(1), np.int64(1), np.int64(1), np.int64(1), np.int64(1), np.int64(1), np.int64(1), np.int64(1), np.int64(1), np.int64(1))",0,-268.0,0
283,365,"(np.int64(1), np.int64(1), np.int64(1), np.int64(1), np.int64(1), np.int64(1), np.int64(1), np.int64(1), np.int64(1), np.int64(1), np.int64(1), np.int64(1))",2,-278.0,2
283,366,"(np.int64(1), np.int64(1), np.int64(1), np.int64(1), np.int64(1), np.int64(1), np.int64(1), np.int64(1), np.int64(1), np.int64(1), np.int64(1), np.int64(1))",0,-283.0,0
283,367,"(np.int64(1), np.int64(1), np.int64(1), np.int64(1), np.int64(1), np.int64(1), np.int64(1), np.int64(1), np.int64(1), np.int64(1), np.int64(1), np.int64(1))",2,-298.0,2
283,368,"(np.int64(1), np.int64(1), np.int64(1), np.int64(1), np.int64(1), np.int64(1), np.int64(1), np.int64(1), np.int64(1), np.int64(1), np.int64(1), np.int64(1))",0,-0.0,0
283,369,"(np.int64(1), np.int64(1), np.int64(1), np.int64(1), np.int64(1), np.int64(1), np.int64(1), np.int64(1), np.int64(1), np.int64(1), np.int64(1), np.int64(1))",2,-5.0,2
283,370,"(np.int64(1), np.int64(1), np.int64(1), np.int64(1), np.int64(1), np.int64(1), np.int64(1), np.int64(1), np.int64(1), np.int64(1), np.int64(1), np.int64(1))",0,-5.0,0
283,371,"(np.int64(1), np.int64(1), np.int64(1), np.int64(1), np.int64(1), np.int64(1), np.int64(1), np.int64(1), np.int64(1), np.int64(1), np.int64(1), np.int64(1))",0,-5.0,0
283,372,"(np.int64(1), np.int64(1), np.int64(1), np.int64(1), np.int64(1), np.int64(1), np.int64(1), np.int64(1), np.int64(1), np.int64(1), np.int64(1), np.int64(1))",0,-5.0,0
283,373,"(np.int64(1), np.int64(1), np.int64(1), np.int64(1), np.int64(1), np.int64(1), np.int64(1), np.int64(1), np.int64(1), np.int64(1), np.int64(1), np.int64(1))",0,-5.0,0
283,374,"(np.int64(1), np.int64(1), np.int64(1), np.int64(1), np.int64(1), np.int64(1), np.int64(1), np.int64(1), np.int64(1), np.int64(1), np.int64(1), np.int64(1))",0,-5.0,0
283,375,"(np.int64(1), np.int64(1), np.int64(1), np.int64(1), np.int64(1), np.int64(1), np.int64(1), np.int64(1), np.int64(1), np.int64(1), np.int64(1), np.int64(1))",0,-5.0,0
283,376,"(np.int64(1), np.int64(1), np.int64(1), np.int64(1), np.int64(1), np.int64(1), np.int64(1), np.int64(1), np.int64(1), np.int64(1), np.int64(1), np.int64(1))",0,-5.0,0
283,377,"(np.int64(1), np.int64(1), np.int64(1), np.int64(1), np.int64(1), np.int64(1), np.int64(1), np.int64(1), np.int64(1), np.int64(1), np.int64(1), np.int64(1))",0,-5.0,0
283,378,"(np.int64(1), np.int64(1), np.int64(1), np.int64(1), np.int64(1), np.int64(1), np.int64(1), np.int64(1), np.int64(1), np.int64(1), np.int64(1), np.int64(1))",0,-5.0,0
283,379,"(np.int64(1), np.int64(1), np.int64(1), np.int64(1), np.int64(1), np.int64(1), np.int64(1), np.int64(1), np.int64(1), np.int64(1), np.int64(1), np.int64(1))",0,-5.0,0
283,380,"(np.int64(1), np.int64(1), np.int64(1), np.int64(1), np.int64(1), np.int64(1), np.int64(1), np.int64(1), np.int64(1), np.int64(1), np.int64(1), np.int64(1))",0,-5.0,0
283,381,"(np.int64(1), np.int64(1), np.int64(1), np.int64(1), np.int64(1), np.int64(1), np.int64(1), np.int64(1), np.int64(1), np.int64(1), np.int64(1), np.int64(1))",0,-5.0,0
283,382,"(np.int64(1), np.int64(1), np.int64(1), np.int64(1), np.int64(1), np.int64(1), np.int64(1), np.int64(1), np.int64(1), np.int64(1), np.int64(1), np.int64(1))",0,-5.0,0
283,383,"(np.int64(1), np.int64(1), np.int64(1), np.int64(1), np.int64(1), np.int64(1), np.int64(1), np.int64(1), np.int64(1), np.int64(1), np.int64(1), np.int64(1))",0,-5.0,0
283,384,"(np.int64(1), np.int64(1), np.int64(1), np.int64(1), np.int64(1), np.int64(1), np.int64(1), np.int64(1), np.int64(1), np.int64(1), np.int64(1), np.int64(1))",0,-5.0,0
283,385,"(np.int64(1), np.int64(1), np.int64(1), np.int64(1), np.int64(1), np.int64(1), np.int64(1), np.int64(1), np.int64(1), np.int64(1), np.int64(1), np.int64(1))",0,-5.0,0
283,386,"(np.int64(1), np.int64(1), np.int64(1), np.int64(1), np.int64(1), np.int64(1), np.int64(1), np.int64(1), np.int64(1), np.int64(1), np.int64(1), np.int64(1))",0,-5.0,0
283,387,"(np.int64(1), np.int64(1), np.int64(1), np.int64(1), np.int64(1), np.int64(1), np.int64(1), np.int64(1), np.int64(1), np.int64(1), np.int64(1), np.int64(1))",0,-5.0,0
283,388,"(np.int64(1), np.int64(1), np.int64(1), np.int64(1), np.int64(1), np.int64(1), np.int64(1), np.int64(1), np.int64(1), np.int64(1), np.int64(1), np.int64(1))",0,-5.0,0
283,389,"(np.int64(1), np.int64(1), np.int64(1), np.int64(1), np.int64(1), np.int64(1), np.int64(1), np.int64(1), np.int64(1), np.int64(1), np.int64(1), np.int64(1))",0,-5.0,0
283,390,"(np.int64(1), np.int64(1), np.int64(1), np.int64(1), np.int64(1), np.int64(1), np.int64(1), np.int64(1), np.int64(1), np.int64(1), np.int64(1), np.int64(1))",0,-5.0,0
283,391,"(np.int64(1), np.int64(1), np.int64(1), np.int64(1), np.int64(1), np.int64(1), np.int64(1), np.int64(1), np.int64(1), np.int64(1), np.int64(1), np.int64(1))",0,-5.0,0
283,392,"(np.int64(1), np.int64(1), np.int64(1), np.int64(1), np.int64(1), np.int64(1), np.int64(1), np.int64(1), np.int64(1), np.int64(1), np.int64(1), np.int64(1))",0,-5.0,0
283,393,"(np.int64(1), np.int64(1), np.int64(1), np.int64(1), np.int64(1), np.int64(1), np.int64(1), np.int64(1), np.int64(1), np.int64(1), np.int64(1), np.int64(1))",0,-5.0,0
283,394,"(np.int64(1), np.int64(1), np.int64(1), np.int64(1), np.int64(1), np.int64(1), np.int64(1), np.int64(1), np.int64(1), np.int64(1), np.int64(1), np.int64(1))",0,-5.0,0
283,395,"(np.int64(1), np.int64(1), np.int64(1), np.int64(1), np.int64(1), np.int64(1), np.int64(1), np.int64(1), np.int64(1), np.int64(1), np.int64(1), np.int64(1))",0,-5.0,0
283,396,"(np.int64(1), np.int64(1), np.int64(1), np.int64(1), np.int64(1), np.int64(1), np.int64(1), np.int64(1), np.int64(1), np.int64(1), np.int64(1), np.int64(1))",0,-5.0,0
283,397,"(np.int64(1), np.int64(1), np.int64(1), np.int64(1), np.int64(1), np.int64(1), np.int64(1), np.int64(1), np.int64(1), np.int64(1), np.int64(1), np.int64(1))",0,-5.0,0
283,398,"(np.int64(1), np.int64(1), np.int64(1), np.int64(1), np.int64(1), np.int64(1), np.int64(1), np.int64(1), np.int64(1), np.int64(1), np.int64(1), np.int64(1))",0,-5.0,0
283,399,"(np.int64(1), np.int64(1), np.int64(1), np.int64(1), np.int64(1), np.int64(1), np.int64(1), np.int64(1), np.int64(1), np.int64(1), np.int64(1), np.int64(1))",0,-13.0,0
283,400,"(np.int64(1), np.int64(1), np.int64(1), np.int64(1), np.int64(1), np.int64(1), np.int64(1), np.int64(1), np.int64(1), np.int64(1), np.int64(1), np.int64(1))",0,-23.0,0
283,401,"(np.int64(1), np.int64(1), np.int64(1), np.int64(1), np.int64(1), np.int64(1), np.int64(1), np.int64(1), np.int64(1), np.int64(1), np.int64(1), np.int64(1))",0,-33.0,0
283,402,"(np.int64(1), np.int64(1), np.int64(1), np.int64(1), np.int64(1), np.int64(1), np.int64(1), np.int64(1), np.int64(1), np.int64(1), np.int64(1), np.int64(1))",0,-43.0,0
283,403,"(np.int64(1), np.int64(1), np.int64(1), np.int64(1), np.int64(1), np.int64(1), np.int64(1), np.int64(1), np.int64(1), np.int64(1), np.int64(1), np.int64(1))",0,-53.0,0
283,404,"(np.int64(1), np.int64(1), np.int64(1), np.int64(1), np.int64(1), np.int64(1), np.int64(1), np.int64(1), np.int64(1), np.int64(1), np.int64(1), np.int64(1))",0,-63.0,0
283,405,"(np.int64(1), np.int64(1), np.int64(1), np.int64(1), np.int64(1), np.int64(1), np.int64(1), np.int64(1), np.int64(1), np.int64(1), np.int64(1), np.int64(1))",0,-73.0,0
283,406,"(np.int64(1), np.int64(1), np.int64(1), np.int64(1), np.int64(1), np.int64(1), np.int64(1), np.int64(1), np.int64(1), np.int64(1), np.int64(1), np.int64(1))",0,-83.0,0
283,407,"(np.int64(1), np.int64(1), np.int64(1), np.int64(1), np.int64(1), np.int64(1), np.int64(1), np.int64(1), np.int64(1), np.int64(1), np.int64(1), np.int64(1))",0,-93.0,0
283,408,"(np.int64(1), np.int64(1), np.int64(1), np.int64(1), np.int64(1), np.int64(1), np.int64(1), np.int64(1), np.int64(1), np.int64(1), np.int64(1), np.int64(1))",0,-103.0,0
283,409,"(np.int64(1), np.int64(1), np.int64(1), np.int64(1), np.int64(1), np.int64(1), np.int64(1), np.int64(1), np.int64(1), np.int64(1), np.int64(1), np.int64(1))",0,-113.0,0
283,410,"(np.int64(1), np.int64(1), np.int64(1), np.int64(1), np.int64(1), np.int64(1), np.int64(1), np.int64(1), np.int64(1), np.int64(1), np.int64(1), np.int64(1))",0,-123.0,0
283,411,"(np.int64(1), np.int64(1), np.int64(1), np.int64(1), np.int64(1), np.int64(1), np.int64(1), np.int64(1), np.int64(1), np.int64(1), np.int64(1), np.int64(1))",0,-133.0,0
283,412,"(np.int64(1), np.int64(1), np.int64(1), np.int64(1), np.int64(1), np.int64(1), np.int64(1), np.int64(1), np.int64(1), np.int64(1), np.int64(1), np.int64(1))",0,-143.0,0
283,413,"(np.int64(1), np.int64(1), np.int64(1), np.int64(1), np.int64(1), np.int64(1), np.int64(1), np.int64(1), np.int64(1), np.int64(1), np.int64(1), np.int64(1))",0,-153.0,0
283,414,"(np.int64(1), np.int64(1), np.int64(1), np.int64(1), np.int64(1), np.int64(1), np.int64(1), np.int64(1), np.int64(1), np.int64(1), np.int64(1), np.int64(1))",0,-163.0,0
283,415,"(np.int64(1), np.int64(1), np.int64(1), np.int64(1), np.int64(1), np.int64(1), np.int64(1), np.int64(1), np.int64(1), np.int64(1), np.int64(1), np.int64(1))",0,-173.0,0
283,416,"(np.int64(1), np.int64(1), np.int64(1), np.int64(1), np.int64(1), np.int64(1), np.int64(1), np.int64(1), np.int64(1), np.int64(1), np.int64(1), np.int64(1))",0,-183.0,0
283,417,"(np.int64(1), np.int64(1), np.int64(1), np.int64(1), np.int64(1), np.int64(1), np.int64(1), np.int64(1), np.int64(1), np.int64(1), np.int64(1), np.int64(1))",0,-193.0,0
283,418,"(np.int64(1), np.int64(1), np.int64(1), np.int64(1), np.int64(1), np.int64(1), np.int64(1), np.int64(1), np.int64(1), np.int64(1), np.int64(1), np.int64(1))",0,-203.0,0
283,419,"(np.int64(1), np.int64(1), np.int64(1), np.int64(1), np.int64(1), np.int64(1), np.int64(1), np.int64(1), np.int64(1), np.int64(1), np.int64(1), np.int64(1))",0,-213.0,0
283,420,"(np.int64(1), np.int64(1), np.int64(1), np.int64(1), np.int64(1), np.int64(1), np.int64(1), np.int64(1), np.int64(1), np.int64(1), np.int64(1), np.int64(1))",0,-223.0,0
283,421,"(np.int64(1), np.int64(1), np.int64(1), np.int64(1), np.int64(1), np.int64(1), np.int64(1), np.int64(1), np.int64(1), np.int64(1), np.int64(1), np.int64(1))",0,-233.0,0
283,422,"(np.int64(1), np.int64(1), np.int64(1), np.int64(1), np.int64(1), np.int64(1), np.int64(1), np.int64(1), np.int64(1), np.int64(1), np.int64(1), np.int64(1))",0,-243.0,0
283,423,"(np.int64(1), np.int64(1), np.int64(1), np.int64(1), np.int64(1), np.int64(1), np.int64(1), np.int64(1), np.int64(1), np.int64(1), np.int64(1), np.int64(1))",0,-253.0,0
283,424,"(np.int64(1), np.int64(1), np.int64(1), np.int64(1), np.int64(1), np.int64(1), np.int64(1), np.int64(1), np.int64(1), np.int64(1), np.int64(1), np.int64(1))",0,-263.0,0
283,425,"(np.int64(1), np.int64(1), np.int64(1), np.int64(1), np.int64(1), np.int64(1), np.int64(1), np.int64(1), np.int64(1), np.int64(1), np.int64(1), np.int64(1))",0,-273.0,0
283,426,"(np.int64(1), np.int64(1), np.int64(1), np.int64(1), np.int64(1), np.int64(1), np.int64(1), np.int64(1), np.int64(1), np.int64(1), np.int64(1), np.int64(1))",0,-283.0,0
283,427,"(np.int64(1), np.int64(1), np.int64(1), np.int64(1), np.int64(1), np.int64(1), np.int64(1), np.int64(1), np.int64(1), np.int64(1), np.int64(1), np.int64(1))",0,-293.0,0
283,428,"(np.int64(1), np.int64(1), np.int64(1), np.int64(1), np.int64(1), np.int64(1), np.int64(1), np.int64(1), np.int64(1), np.int64(1), np.int64(1), np.int64(1))",0,-303.0,0
283,429,"(np.int64(1), np.int64(1), np.int64(1), np.int64(1), np.int64(1), np.int64(1), np.int64(1), np.int64(1), np.int64(1), np.int64(1), np.int64(1), np.int64(1))",0,-5.0,0
283,430,"(np.int64(1), np.int64(1), np.int64(1), np.int64(1), np.int64(1), np.int64(1), np.int64(1), np.int64(1), np.int64(1), np.int64(1), np.int64(1), np.int64(1))",0,-5.0,0
283,431,"(np.int64(1), np.int64(1), np.int64(1), np.int64(1), np.int64(1), np.int64(1), np.int64(1), np.int64(1), np.int64(1), np.int64(1), np.int64(1), np.int64(1))",0,-5.0,0
283,432,"(np.int64(1), np.int64(1), np.int64(1), np.int64(1), np.int64(1), np.int64(1), np.int64(1), np.int64(1), np.int64(1), np.int64(1), np.int64(1), np.int64(1))",0,-5.0,0
283,433,"(np.int64(1), np.int64(1), np.int64(1), np.int64(1), np.int64(1), np.int64(1), np.int64(1), np.int64(1), np.int64(1), np.int64(1), np.int64(1), np.int64(1))",0,-5.0,0
283,434,"(np.int64(1), np.int64(1), np.int64(1), np.int64(1), np.int64(1), np.int64(1), np.int64(1), np.int64(1), np.int64(1), np.int64(1), np.int64(1), np.int64(1))",0,-5.0,0
283,435,"(np.int64(1), np.int64(1), np.int64(1), np.int64(1), np.int64(1), np.int64(1), np.int64(1), np.int64(1), np.int64(1), np.int64(1), np.int64(1), np.int64(1))",0,-5.0,0
283,436,"(np.int64(1), np.int64(1), np.int64(1), np.int64(1), np.int64(1), np.int64(1), np.int64(1), np.int64(1), np.int64(1), np.int64(1), np.int64(1), np.int64(1))",0,-5.0,0
283,437,"(np.int64(1), np.int64(1), np.int64(1), np.int64(1), np.int64(1), np.int64(1), np.int64(1), np.int64(1), np.int64(1), np.int64(1), np.int64(1), np.int64(1))",0,-5.0,0
283,438,"(np.int64(1), np.int64(1), np.int64(1), np.int64(1), np.int64(1), np.int64(1), np.int64(1), np.int64(1), np.int64(1), np.int64(1), np.int64(1), np.int64(1))",0,-5.0,0
283,439,"(np.int64(1), np.int64(1), np.int64(1), np.int64(1), np.int64(1), np.int64(1), np.int64(1), np.int64(1), np.int64(1), np.int64(1), np.int64(1), np.int64(1))",0,-5.0,0
283,440,"(np.int64(1), np.int64(1), np.int64(1), np.int64(1), np.int64(1), np.int64(1), np.int64(1), np.int64(1), np.int64(1), np.int64(1), np.int64(1), np.int64(1))",0,-5.0,0
283,441,"(np.int64(1), np.int64(1), np.int64(1), np.int64(1), np.int64(1), np.int64(1), np.int64(1), np.int64(1), np.int64(1), np.int64(1), np.int64(1), np.int64(1))",0,-5.0,0
283,442,"(np.int64(1), np.int64(1), np.int64(1), np.int64(1), np.int64(1), np.int64(1), np.int64(1), np.int64(1), np.int64(1), np.int64(1), np.int64(1), np.int64(1))",0,-5.0,0
283,443,"(np.int64(1), np.int64(1), np.int64(1), np.int64(1), np.int64(1), np.int64(1), np.int64(1), np.int64(1), np.int64(1), np.int64(1), np.int64(1), np.int64(1))",0,-5.0,0
283,444,"(np.int64(1), np.int64(1), np.int64(1), np.int64(1), np.int64(1), np.int64(1), np.int64(1), np.int64(1), np.int64(1), np.int64(1), np.int64(1), np.int64(1))",0,-5.0,0
283,445,"(np.int64(1), np.int64(1), np.int64(1), np.int64(1), np.int64(1), np.int64(1), np.int64(1), np.int64(1), np.int64(1), np.int64(1), np.int64(1), np.int64(1))",0,-5.0,0
283,446,"(np.int64(1), np.int64(1), np.int64(1), np.int64(1), np.int64(1), np.int64(1), np.int64(1), np.int64(1), np.int64(1), np.int64(1), np.int64(1), np.int64(1))",0,-5.0,0
283,447,"(np.int64(1), np.int64(1), np.int64(1), np.int64(1), np.int64(1), np.int64(1), np.int64(1), np.int64(1), np.int64(1), np.int64(1), np.int64(1), np.int64(1))",0,-5.0,0
283,448,"(np.int64(1), np.int64(1), np.int64(1), np.int64(1), np.int64(1), np.int64(1), np.int64(1), np.int64(1), np.int64(1), np.int64(1), np.int64(1), np.int64(1))",0,-5.0,0
283,449,"(np.int64(1), np.int64(1), np.int64(1), np.int64(1), np.int64(1), np.int64(1), np.int64(1), np.int64(1), np.int64(1), np.int64(1), np.int64(1), np.int64(1))",0,-5.0,0
283,450,"(np.int64(1), np.int64(1), np.int64(1), np.int64(1), np.int64(1), np.int64(1), np.int64(1), np.int64(1), np.int64(1), np.int64(1), np.int64(1), np.int64(1))",0,-5.0,0
283,451,"(np.int64(1), np.int64(1), np.int64(1), np.int64(1), np.int64(1), np.int64(1), np.int64(1), np.int64(1), np.int64(1), np.int64(1), np.int64(1), np.int64(1))",0,-5.0,0
283,452,"(np.int64(1), np.int64(1), np.int64(1), np.int64(1), np.int64(1), np.int64(1), np.int64(1), np.int64(1), np.int64(1), np.int64(1), np.int64(1), np.int64(1))",0,-5.0,0
283,453,"(np.int64(1), np.int64(1), np.int64(1), np.int64(1), np.int64(1), np.int64(1), np.int64(1), np.int64(1), np.int64(1), np.int64(1), np.int64(1), np.int64(1))",0,-5.0,0
283,454,"(np.int64(1), np.int64(1), np.int64(1), np.int64(1), np.int64(1), np.int64(1), np.int64(1), np.int64(1), np.int64(1), np.int64(1), np.int64(1), np.int64(1))",0,-5.0,0
283,455,"(np.int64(1), np.int64(1), np.int64(1), np.int64(1), np.int64(1), np.int64(1), np.int64(1), np.int64(1), np.int64(1), np.int64(1), np.int64(1), np.int64(1))",0,-5.0,0
283,456,"(np.int64(1), np.int64(1), np.int64(1), np.int64(1), np.int64(1), np.int64(1), np.int64(1), np.int64(1), np.int64(1), np.int64(1), np.int64(1), np.int64(1))",0,-5.0,0
283,457,"(np.int64(1), np.int64(1), np.int64(1), np.int64(1), np.int64(1), np.int64(1), np.int64(1), np.int64(1), np.int64(1), np.int64(1), np.int64(1), np.int64(1))",0,-5.0,0
283,458,"(np.int64(1), np.int64(1), np.int64(1), np.int64(1), np.int64(1), np.int64(1), np.int64(1), np.int64(1), np.int64(1), np.int64(1), np.int64(1), np.int64(1))",0,-5.0,0
283,459,"(np.int64(1), np.int64(1), np.int64(1), np.int64(1), np.int64(1), np.int64(1), np.int64(1), np.int64(1), np.int64(1), np.int64(1), np.int64(1), np.int64(1))",0,-7.0,0
283,460,"(np.int64(1), np.int64(1), np.int64(1), np.int64(1), np.int64(1), np.int64(1), np.int64(1), np.int64(1), np.int64(1), np.int64(1), np.int64(1), np.int64(1))",0,-17.0,0
283,461,"(np.int64(1), np.int64(1), np.int64(1), np.int64(1), np.int64(1), np.int64(1), np.int64(1), np.int64(1), np.int64(1), np.int64(1), np.int64(1), np.int64(1))",0,-27.0,0
283,462,"(np.int64(1), np.int64(1), np.int64(1), np.int64(1), np.int64(1), np.int64(1), np.int64(1), np.int64(1), np.int64(1), np.int64(1), np.int64(1), np.int64(1))",0,-37.0,0
283,463,"(np.int64(1), np.int64(1), np.int64(1), np.int64(1), np.int64(1), np.int64(1), np.int64(1), np.int64(1), np.int64(1), np.int64(1), np.int64(1), np.int64(1))",0,-47.0,0
283,464,"(np.int64(1), np.int64(1), np.int64(1), np.int64(1), np.int64(1), np.int64(1), np.int64(1), np.int64(1), np.int64(1), np.int64(1), np.int64(1), np.int64(1))",0,-57.0,0
283,465,"(np.int64(1), np.int64(1), np.int64(1), np.int64(1), np.int64(1), np.int64(1), np.int64(1), np.int64(1), np.int64(1), np.int64(1), np.int64(1), np.int64(1))",0,-67.0,0
283,466,"(np.int64(1), np.int64(1), np.int64(1), np.int64(1), np.int64(1), np.int64(1), np.int64(1), np.int64(1), np.int64(1), np.int64(1), np.int64(1), np.int64(1))",0,-77.0,0
283,467,"(np.int64(1), np.int64(1), np.int64(1), np.int64(1), np.int64(1), np.int64(1), np.int64(1), np.int64(1), np.int64(1), np.int64(1), np.int64(1), np.int64(1))",0,-87.0,0
283,468,"(np.int64(1), np.int64(1), np.int64(1), np.int64(1), np.int64(1), np.int64(1), np.int64(1), np.int64(1), np.int64(1), np.int64(1), np.int64(1), np.int64(1))",0,-97.0,0
283,469,"(np.int64(1), np.int64(1), np.int64(1), np.int64(1), np.int64(1), np.int64(1), np.int64(1), np.int64(1), np.int64(1), np.int64(1), np.int64(1), np.int64(1))",0,-107.0,0
283,470,"(np.int64(1), np.int64(1), np.int64(1), np.int64(1), np.int64(1), np.int64(1), np.int64(1), np.int64(1), np.int64(1), np.int64(1), np.int64(1), np.int64(1))",0,-117.0,0
283,471,"(np.int64(1), np.int64(1), np.int64(1), np.int64(1), np.int64(1), np.int64(1), np.int64(1), np.int64(1), np.int64(1), np.int64(1), np.int64(1), np.int64(1))",0,-127.0,0
283,472,"(np.int64(1), np.int64(1), np.int64(1), np.int64(1), np.int64(1), np.int64(1), np.int64(1), np.int64(1), np.int64(1), np.int64(1), np.int64(1), np.int64(1))",0,-137.0,0
283,473,"(np.int64(1), np.int64(1), np.int64(1), np.int64(1), np.int64(1), np.int64(1), np.int64(1), np.int64(1), np.int64(1), np.int64(1), np.int64(1), np.int64(1))",0,-147.0,0
283,474,"(np.int64(1), np.int64(1), np.int64(1), np.int64(1), np.int64(1), np.int64(1), np.int64(1), np.int64(1), np.int64(1), np.int64(1), np.int64(1), np.int64(1))",0,-157.0,0
283,475,"(np.int64(1), np.int64(1), np.int64(1), np.int64(1), np.int64(1), np.int64(1), np.int64(1), np.int64(1), np.int64(1), np.int64(1), np.int64(1), np.int64(1))",0,-167.0,0
283,476,"(np.int64(1), np.int64(1), np.int64(1), np.int64(1), np.int64(1), np.int64(1), np.int64(1), np.int64(1), np.int64(1), np.int64(1), np.int64(1), np.int64(1))",0,-177.0,0
283,477,"(np.int64(1), np.int64(1), np.int64(1), np.int64(1), np.int64(1), np.int64(1), np.int64(1), np.int64(1), np.int64(1), np.int64(1), np.int64(1), np.int64(1))",0,-187.0,0
283,478,"(np.int64(1), np.int64(1), np.int64(1), np.int64(1), np.int64(1), np.int64(1), np.int64(1), np.int64(1), np.int64(1), np.int64(1), np.int64(1), np.int64(1))",0,-197.0,0
283,479,"(np.int64(1), np.int64(1), np.int64(1), np.int64(1), np.int64(1), np.int64(1), np.int64(1), np.int64(1), np.int64(1), np.int64(1), np.int64(1), np.int64(1))",0,-207.0,0
283,480,"(np.int64(1), np.int64(1), np.int64(1), np.int64(1), np.int64(1), np.int64(1), np.int64(1), np.int64(1), np.int64(1), np.int64(1), np.int64(1), np.int64(1))",0,-217.0,0
283,481,"(np.int64(1), np.int64(1), np.int64(1), np.int64(1), np.int64(1), np.int64(1), np.int64(1), np.int64(1), np.int64(1), np.int64(1), np.int64(1), np.int64(1))",0,-227.0,0
283,482,"(np.int64(1), np.int64(1), np.int64(1), np.int64(1), np.int64(1), np.int64(1), np.int64(1), np.int64(1), np.int64(1), np.int64(1), np.int64(1), np.int64(1))",2,-237.0,2
283,483,"(np.int64(1), np.int64(1), np.int64(1), np.int64(1), np.int64(1), np.int64(1), np.int64(1), np.int64(1), np.int64(1), np.int64(1), np.int64(1), np.int64(1))",0,-242.0,0
283,484,"(np.int64(1), np.int64(1), np.int64(1), np.int64(1), np.int64(1), np.int64(1), np.int64(1), np.int64(1), np.int64(1), np.int64(1), np.int64(1), np.int64(1))",0,-257.0,0
283,485,"(np.int64(1), np.int64(1), np.int64(1), np.int64(1), np.int64(1), np.int64(1), np.int64(1), np.int64(1), np.int64(1), np.int64(1), np.int64(1), np.int64(1))",0,-267.0,0
283,486,"(np.int64(1), np.int64(1), np.int64(1), np.int64(1), np.int64(1), np.int64(1), np.int64(1), np.int64(1), np.int64(1), np.int64(1), np.int64(1), np.int64(1))",0,-277.0,0
283,487,"(np.int64(1), np.int64(1), np.int64(1), np.int64(1), np.int64(1), np.int64(1), np.int64(1), np.int64(1), np.int64(1), np.int64(1), np.int64(1), np.int64(1))",0,-287.0,0
283,488,"(np.int64(1), np.int64(1), np.int64(1), np.int64(1), np.int64(1), np.int64(1), np.int64(1), np.int64(1), np.int64(1), np.int64(1), np.int64(1), np.int64(1))",0,-297.0,0
283,489,"(np.int64(1), np.int64(1), np.int64(1), np.int64(1), np.int64(1), np.int64(1), np.int64(1), np.int64(1), np.int64(1), np.int64(1), np.int64(1), np.int64(1))",0,-5.0,0
283,490,"(np.int64(1), np.int64(1), np.int64(1), np.int64(1), np.int64(1), np.int64(1), np.int64(1), np.int64(1), np.int64(1), np.int64(1), np.int64(1), np.int64(1))",0,-5.0,0
283,491,"(np.int64(1), np.int64(1), np.int64(1), np.int64(1), np.int64(1), np.int64(1), np.int64(1), np.int64(1), np.int64(1), np.int64(1), np.int64(1), np.int64(1))",0,-5.0,0
283,492,"(np.int64(1), np.int64(1), np.int64(1), np.int64(1), np.int64(1), np.int64(1), np.int64(1), np.int64(1), np.int64(1), np.int64(1), np.int64(1), np.int64(1))",0,-5.0,0
283,493,"(np.int64(1), np.int64(1), np.int64(1), np.int64(1), np.int64(1), np.int64(1), np.int64(1), np.int64(1), np.int64(1), np.int64(1), np.int64(1), np.int64(1))",0,-5.0,0
283,494,"(np.int64(1), np.int64(1), np.int64(1), np.int64(1), np.int64(1), np.int64(1), np.int64(1), np.int64(1), np.int64(1), np.int64(1), np.int64(1), np.int64(1))",0,-5.0,0
283,495,"(np.int64(1), np.int64(1), np.int64(1), np.int64(1), np.int64(1), np.int64(1), np.int64(1), np.int64(1), np.int64(1), np.int64(1), np.int64(1), np.int64(1))",0,-5.0,0
283,496,"(np.int64(1), np.int64(1), np.int64(1), np.int64(1), np.int64(1), np.int64(1), np.int64(1), np.int64(1), np.int64(1), np.int64(1), np.int64(1), np.int64(1))",0,-5.0,0
283,497,"(np.int64(1), np.int64(1), np.int64(1), np.int64(1), np.int64(1), np.int64(1), np.int64(1), np.int64(1), np.int64(1), np.int64(1), np.int64(1), np.int64(1))",0,-5.0,0
283,498,"(np.int64(1), np.int64(1), np.int64(1), np.int64(1), np.int64(1), np.int64(1), np.int64(1), np.int64(1), np.int64(1), np.int64(1), np.int64(1), np.int64(1))",0,-5.0,0
283,499,"(np.int64(1), np.int64(1), np.int64(1), np.int64(1), np.int64(1), np.int64(1), np.int64(1), np.int64(1), np.int64(1), np.int64(1), np.int64(1), np.int64(1))",0,-5.0,0
283,500,"(np.int64(1), np.int64(1), np.int64(1), np.int64(1), np.int64(1), np.int64(1), np.int64(1), np.int64(1), np.int64(1), np.int64(1), np.int64(1), np.int64(1))",0,-5.0,0
283,501,"(np.int64(1), np.int64(1), np.int64(1), np.int64(1), np.int64(1), np.int64(1), np.int64(1), np.int64(1), np.int64(1), np.int64(1), np.int64(1), np.int64(1))",0,-5.0,0
283,502,"(np.int64(1), np.int64(1), np.int64(1), np.int64(1), np.int64(1), np.int64(1), np.int64(1), np.int64(1), np.int64(1), np.int64(1), np.int64(1), np.int64(1))",0,-5.0,0
283,503,"(np.int64(1), np.int64(1), np.int64(1), np.int64(1), np.int64(1), np.int64(1), np.int64(1), np.int64(1), np.int64(1), np.int64(1), np.int64(1), np.int64(1))",0,-5.0,0
283,504,"(np.int64(1), np.int64(1), np.int64(1), np.int64(1), np.int64(1), np.int64(1), np.int64(1), np.int64(1), np.int64(1), np.int64(1), np.int64(1), np.int64(1))",0,-5.0,0
283,505,"(np.int64(1), np.int64(1), np.int64(1), np.int64(1), np.int64(1), np.int64(1), np.int64(1), np.int64(1), np.int64(1), np.int64(1), np.int64(1), np.int64(1))",0,-5.0,0
283,506,"(np.int64(1), np.int64(1), np.int64(1), np.int64(1), np.int64(1), np.int64(1), np.int64(1), np.int64(1), np.int64(1), np.int64(1), np.int64(1), np.int64(1))",2,-5.0,2
283,507,"(np.int64(1), np.int64(1), np.int64(1), np.int64(1), np.int64(1), np.int64(1), np.int64(1), np.int64(1), np.int64(1), np.int64(1), np.int64(1), np.int64(1))",0,-5.0,0
283,508,"(np.int64(1), np.int64(1), np.int64(1), np.int64(1), np.int64(1), np.int64(1), np.int64(1), np.int64(1), np.int64(1), np.int64(1), np.int64(1), np.int64(1))",0,-5.0,0
283,509,"(np.int64(1), np.int64(1), np.int64(1), np.int64(1), np.int64(1), np.int64(1), np.int64(1), np.int64(1), np.int64(1), np.int64(1), np.int64(1), np.int64(1))",0,-5.0,0
283,510,"(np.int64(1), np.int64(1), np.int64(1), np.int64(1), np.int64(1), np.int64(1), np.int64(1), np.int64(1), np.int64(1), np.int64(1), np.int64(1), np.int64(1))",0,-5.0,0
283,511,"(np.int64(1), np.int64(1), np.int64(1), np.int64(1), np.int64(1), np.int64(1), np.int64(1), np.int64(1), np.int64(1), np.int64(1), np.int64(1), np.int64(1))",0,-5.0,0
283,512,"(np.int64(1), np.int64(1), np.int64(1), np.int64(1), np.int64(1), np.int64(1), np.int64(1), np.int64(1), np.int64(1), np.int64(1), np.int64(1), np.int64(1))",0,-5.0,0
283,513,"(np.int64(1), np.int64(1), np.int64(1), np.int64(1), np.int64(1), np.int64(1), np.int64(1), np.int64(1), np.int64(1), np.int64(1), np.int64(1), np.int64(1))",0,-5.0,0
283,514,"(np.int64(1), np.int64(1), np.int64(1), np.int64(1), np.int64(1), np.int64(1), np.int64(1), np.int64(1), np.int64(1), np.int64(1), np.int64(1), np.int64(1))",0,-5.0,0
283,515,"(np.int64(1), np.int64(1), np.int64(1), np.int64(1), np.int64(1), np.int64(1), np.int64(1), np.int64(1), np.int64(1), np.int64(1), np.int64(1), np.int64(1))",0,-5.0,0
283,516,"(np.int64(1), np.int64(1), np.int64(1), np.int64(1), np.int64(1), np.int64(1), np.int64(1), np.int64(1), np.int64(1), np.int64(1), np.int64(1), np.int64(1))",0,-5.0,0
283,517,"(np.int64(1), np.int64(1), np.int64(1), np.int64(1), np.int64(1), np.int64(1), np.int64(1), np.int64(1), np.int64(1), np.int64(1), np.int64(1), np.int64(1))",0,-5.0,0
283,518,"(np.int64(1), np.int64(1), np.int64(1), np.int64(1), np.int64(1), np.int64(1), np.int64(1), np.int64(1), np.int64(1), np.int64(1), np.int64(1), np.int64(1))",0,-5.0,0
283,519,"(np.int64(1), np.int64(1), np.int64(1), np.int64(1), np.int64(1), np.int64(1), np.int64(1), np.int64(1), np.int64(1), np.int64(1), np.int64(1), np.int64(1))",0,-5.0,0
283,520,"(np.int64(1), np.int64(1), np.int64(1), np.int64(1), np.int64(1), np.int64(1), np.int64(1), np.int64(1), np.int64(1), np.int64(1), np.int64(1), np.int64(1))",0,-12.0,0
283,521,"(np.int64(1), np.int64(1), np.int64(1), np.int64(1), np.int64(1), np.int64(1), np.int64(1), np.int64(1), np.int64(1), np.int64(1), np.int64(1), np.int64(1))",2,-22.0,2
283,522,"(np.int64(1), np.int64(1), np.int64(1), np.int64(1), np.int64(1), np.int64(1), np.int64(1), np.int64(1), np.int64(1), np.int64(1), np.int64(1), np.int64(1))",0,-32.0,0
283,523,"(np.int64(1), np.int64(1), np.int64(1), np.int64(1), np.int64(1), np.int64(1), np.int64(1), np.int64(1), np.int64(1), np.int64(1), np.int64(1), np.int64(1))",0,-42.0,0
283,524,"(np.int64(1), np.int64(1), np.int64(1), np.int64(1), np.int64(1), np.int64(1), np.int64(1), np.int64(1), np.int64(1), np.int64(1), np.int64(1), np.int64(1))",0,-52.0,0
283,525,"(np.int64(1), np.int64(1), np.int64(1), np.int64(1), np.int64(1), np.int64(1), np.int64(1), np.int64(1), np.int64(1), np.int64(1), np.int64(1), np.int64(1))",0,-62.0,0
283,526,"(np.int64(1), np.int64(1), np.int64(1), np.int64(1), np.int64(1), np.int64(1), np.int64(1), np.int64(1), np.int64(1), np.int64(1), np.int64(1), np.int64(1))",0,-72.0,0
283,527,"(np.int64(1), np.int64(1), np.int64(1), np.int64(1), np.int64(1), np.int64(1), np.int64(1), np.int64(1), np.int64(1), np.int64(1), np.int64(1), np.int64(1))",0,-82.0,0
283,528,"(np.int64(1), np.int64(1), np.int64(1), np.int64(1), np.int64(1), np.int64(1), np.int64(1), np.int64(1), np.int64(1), np.int64(1), np.int64(1), np.int64(1))",0,-92.0,0
283,529,"(np.int64(1), np.int64(1), np.int64(1), np.int64(1), np.int64(1), np.int64(1), np.int64(1), np.int64(1), np.int64(1), np.int64(1), np.int64(1), np.int64(1))",0,-102.0,0
283,530,"(np.int64(1), np.int64(1), np.int64(1), np.int64(1), np.int64(1), np.int64(1), np.int64(1), np.int64(1), np.int64(1), np.int64(1), np.int64(1), np.int64(1))",0,-112.0,0
283,531,"(np.int64(1), np.int64(1), np.int64(1), np.int64(1), np.int64(1), np.int64(1), np.int64(1), np.int64(1), np.int64(1), np.int64(1), np.int64(1), np.int64(1))",0,-122.0,0
283,532,"(np.int64(1), np.int64(1), np.int64(1), np.int64(1), np.int64(1), np.int64(1), np.int64(1), np.int64(1), np.int64(1), np.int64(1), np.int64(1), np.int64(1))",2,-132.0,2
283,533,"(np.int64(1), np.int64(1), np.int64(1), np.int64(1), np.int64(1), np.int64(1), np.int64(1), np.int64(1), np.int64(1), np.int64(1), np.int64(1), np.int64(1))",0,-137.0,0
283,534,"(np.int64(1), np.int64(1), np.int64(1), np.int64(1), np.int64(1), np.int64(1), np.int64(1), np.int64(1), np.int64(1), np.int64(1), np.int64(1), np.int64(1))",0,-152.0,0
283,535,"(np.int64(1), np.int64(1), np.int64(1), np.int64(1), np.int64(1), np.int64(1), np.int64(1), np.int64(1), np.int64(1), np.int64(1), np.int64(1), np.int64(1))",0,-162.0,0
283,536,"(np.int64(1), np.int64(1), np.int64(1), np.int64(1), np.int64(1), np.int64(1), np.int64(1), np.int64(1), np.int64(1), np.int64(1), np.int64(1), np.int64(1))",0,-172.0,0
283,537,"(np.int64(1), np.int64(1), np.int64(1), np.int64(1), np.int64(1), np.int64(1), np.int64(1), np.int64(1), np.int64(1), np.int64(1), np.int64(1), np.int64(1))",0,-182.0,0
283,538,"(np.int64(1), np.int64(1), np.int64(1), np.int64(1), np.int64(1), np.int64(1), np.int64(1), np.int64(1), np.int64(1), np.int64(1), np.int64(1), np.int64(1))",0,-192.0,0
283,539,"(np.int64(1), np.int64(1), np.int64(1), np.int64(1), np.int64(1), np.int64(1), np.int64(1), np.int64(1), np.int64(1), np.int64(1), np.int64(1), np.int64(1))",0,-202.0,0
283,540,"(np.int64(1), np.int64(1), np.int64(1), np.int64(1), np.int64(1), np.int64(1), np.int64(1), np.int64(1), np.int64(1), np.int64(1), np.int64(1), np.int64(1))",0,-212.0,0
283,541,"(np.int64(1), np.int64(1), np.int64(1), np.int64(1), np.int64(1), np.int64(1), np.int64(1), np.int64(1), np.int64(1), np.int64(1), np.int64(1), np.int64(1))",0,-222.0,0
283,542,"(np.int64(1), np.int64(1), np.int64(1), np.int64(1), np.int64(1), np.int64(1), np.int64(1), np.int64(1), np.int64(1), np.int64(1), np.int64(1), np.int64(1))",0,-232.0,0
283,543,"(np.int64(1), np.int64(1), np.int64(1), np.int64(1), np.int64(1), np.int64(1), np.int64(1), np.int64(1), np.int64(1), np.int64(1), np.int64(1), np.int64(1))",0,-242.0,0
283,544,"(np.int64(1), np.int64(1), np.int64(1), np.int64(1), np.int64(1), np.int64(1), np.int64(1), np.int64(1), np.int64(1), np.int64(1), np.int64(1), np.int64(1))",0,-252.0,0
283,545,"(np.int64(1), np.int64(1), np.int64(1), np.int64(1), np.int64(1), np.int64(1), np.int64(1), np.int64(1), np.int64(1), np.int64(1), np.int64(1), np.int64(1))",0,-262.0,0
283,546,"(np.int64(1), np.int64(1), np.int64(1), np.int64(1), np.int64(1), np.int64(1), np.int64(1), np.int64(1), np.int64(1), np.int64(1), np.int64(1), np.int64(1))",0,-272.0,0
283,547,"(np.int64(1), np.int64(1), np.int64(1), np.int64(1), np.int64(1), np.int64(1), np.int64(1), np.int64(1), np.int64(1), np.int64(1), np.int64(1), np.int64(1))",0,-282.0,0
283,548,"(np.int64(1), np.int64(1), np.int64(1), np.int64(1), np.int64(1), np.int64(1), np.int64(1), np.int64(1), np.int64(1), np.int64(1), np.int64(1), np.int64(1))",0,-292.0,0
283,549,"(np.int64(1), np.int64(1), np.int64(1), np.int64(1), np.int64(1), np.int64(1), np.int64(1), np.int64(1), np.int64(1), np.int64(1), np.int64(1), np.int64(1))",0,-302.0,0
283,550,"(np.int64(1), np.int64(1), np.int64(1), np.int64(1), np.int64(1), np.int64(1), np.int64(1), np.int64(1), np.int64(1), np.int64(1), np.int64(1), np.int64(1))",0,-5.0,0
283,551,"(np.int64(1), np.int64(1), np.int64(1), np.int64(1), np.int64(1), np.int64(1), np.int64(1), np.int64(1), np.int64(1), np.int64(1), np.int64(1), np.int64(1))",0,-5.0,0
283,552,"(np.int64(1), np.int64(1), np.int64(1), np.int64(1), np.int64(1), np.int64(1), np.int64(1), np.int64(1), np.int64(1), np.int64(1), np.int64(1), np.int64(1))",0,-5.0,0
283,553,"(np.int64(1), np.int64(1), np.int64(1), np.int64(1), np.int64(1), np.int64(1), np.int64(1), np.int64(1), np.int64(1), np.int64(1), np.int64(1), np.int64(1))",0,-5.0,0
283,554,"(np.int64(1), np.int64(1), np.int64(1), np.int64(1), np.int64(1), np.int64(1), np.int64(1), np.int64(1), np.int64(1), np.int64(1), np.int64(1), np.int64(1))",0,-5.0,0
283,555,"(np.int64(1), np.int64(1), np.int64(1), np.int64(1), np.int64(1), np.int64(1), np.int64(1), np.int64(1), np.int64(1), np.int64(1), np.int64(1), np.int64(1))",0,-5.0,0
283,556,"(np.int64(1), np.int64(1), np.int64(1), np.int64(1), np.int64(1), np.int64(1), np.int64(1), np.int64(1), np.int64(1), np.int64(1), np.int64(1), np.int64(1))",0,-5.0,0
283,557,"(np.int64(1), np.int64(1), np.int64(1), np.int64(1), np.int64(1), np.int64(1), np.int64(1), np.int64(1), np.int64(1), np.int64(1), np.int64(1), np.int64(1))",0,-5.0,0
283,558,"(np.int64(1), np.int64(1), np.int64(1), np.int64(1), np.int64(1), np.int64(1), np.int64(1), np.int64(1), np.int64(1), np.int64(1), np.int64(1), np.int64(1))",0,-5.0,0
283,559,"(np.int64(1), np.int64(1), np.int64(1), np.int64(1), np.int64(1), np.int64(1), np.int64(1), np.int64(1), np.int64(1), np.int64(1), np.int64(1), np.int64(1))",0,-5.0,0
283,560,"(np.int64(1), np.int64(1), np.int64(1), np.int64(1), np.int64(1), np.int64(1), np.int64(1), np.int64(1), np.int64(1), np.int64(1), np.int64(1), np.int64(1))",0,-5.0,0
283,561,"(np.int64(1), np.int64(1), np.int64(1), np.int64(1), np.int64(1), np.int64(1), np.int64(1), np.int64(1), np.int64(1), np.int64(1), np.int64(1), np.int64(1))",0,-5.0,0
283,562,"(np.int64(1), np.int64(1), np.int64(1), np.int64(1), np.int64(1), np.int64(1), np.int64(1), np.int64(1), np.int64(1), np.int64(1), np.int64(1), np.int64(1))",0,-5.0,0
283,563,"(np.int64(1), np.int64(1), np.int64(1), np.int64(1), np.int64(1), np.int64(1), np.int64(1), np.int64(1), np.int64(1), np.int64(1), np.int64(1), np.int64(1))",0,-5.0,0
283,564,"(np.int64(1), np.int64(1), np.int64(1), np.int64(1), np.int64(1), np.int64(1), np.int64(1), np.int64(1), np.int64(1), np.int64(1), np.int64(1), np.int64(1))",0,-5.0,0
283,565,"(np.int64(1), np.int64(1), np.int64(1), np.int64(1), np.int64(1), np.int64(1), np.int64(1), np.int64(1), np.int64(1), np.int64(1), np.int64(1), np.int64(1))",0,-5.0,0
283,566,"(np.int64(1), np.int64(1), np.int64(1), np.int64(1), np.int64(1), np.int64(1), np.int64(1), np.int64(1), np.int64(1), np.int64(1), np.int64(1), np.int64(1))",0,-5.0,0
283,567,"(np.int64(1), np.int64(1), np.int64(1), np.int64(1), np.int64(1), np.int64(1), np.int64(1), np.int64(1), np.int64(1), np.int64(1), np.int64(1), np.int64(1))",2,-5.0,2
283,568,"(np.int64(1), np.int64(1), np.int64(1), np.int64(1), np.int64(1), np.int64(1), np.int64(1), np.int64(1), np.int64(1), np.int64(1), np.int64(1), np.int64(1))",0,-0.0,0
283,569,"(np.int64(1), np.int64(1), np.int64(1), np.int64(1), np.int64(1), np.int64(1), np.int64(1), np.int64(1), np.int64(1), np.int64(1), np.int64(1), np.int64(1))",0,-5.0,0
283,570,"(np.int64(1), np.int64(1), np.int64(1), np.int64(1), np.int64(1), np.int64(1), np.int64(1), np.int64(1), np.int64(1), np.int64(1), np.int64(1), np.int64(1))",0,-5.0,0
283,571,"(np.int64(1), np.int64(1), np.int64(1), np.int64(1), np.int64(1), np.int64(1), np.int64(1), np.int64(1), np.int64(1), np.int64(1), np.int64(1), np.int64(1))",0,-5.0,0
283,572,"(np.int64(1), np.int64(1), np.int64(1), np.int64(1), np.int64(1), np.int64(1), np.int64(1), np.int64(1), np.int64(1), np.int64(1), np.int64(1), np.int64(1))",0,-5.0,0
283,573,"(np.int64(1), np.int64(1), np.int64(1), np.int64(1), np.int64(1), np.int64(1), np.int64(1), np.int64(1), np.int64(1), np.int64(1), np.int64(1), np.int64(1))",0,-5.0,0
283,574,"(np.int64(1), np.int64(1), np.int64(1), np.int64(1), np.int64(1), np.int64(1), np.int64(1), np.int64(1), np.int64(1), np.int64(1), np.int64(1), np.int64(1))",0,-5.0,0
283,575,"(np.int64(1), np.int64(1), np.int64(1), np.int64(1), np.int64(1), np.int64(1), np.int64(1), np.int64(1), np.int64(1), np.int64(1), np.int64(1), np.int64(1))",0,-5.0,0
283,576,"(np.int64(1), np.int64(1), np.int64(1), np.int64(1), np.int64(1), np.int64(1), np.int64(1), np.int64(1), np.int64(1), np.int64(1), np.int64(1), np.int64(1))",0,-5.0,0
283,577,"(np.int64(1), np.int64(1), np.int64(1), np.int64(1), np.int64(1), np.int64(1), np.int64(1), np.int64(1), np.int64(1), np.int64(1), np.int64(1), np.int64(1))",0,-5.0,0
283,578,"(np.int64(1), np.int64(1), np.int64(1), np.int64(1), np.int64(1), np.int64(1), np.int64(1), np.int64(1), np.int64(1), np.int64(1), np.int64(1), np.int64(1))",0,-5.0,0
283,579,"(np.int64(1), np.int64(1), np.int64(1), np.int64(1), np.int64(1), np.int64(1), np.int64(1), np.int64(1), np.int64(1), np.int64(1), np.int64(1), np.int64(1))",0,-5.0,0
283,580,"(np.int64(1), np.int64(1), np.int64(1), np.int64(1), np.int64(1), np.int64(1), np.int64(1), np.int64(1), np.int64(1), np.int64(1), np.int64(1), np.int64(1))",0,-8.0,0
283,581,"(np.int64(1), np.int64(1), np.int64(1), np.int64(1), np.int64(1), np.int64(1), np.int64(1), np.int64(1), np.int64(1), np.int64(1), np.int64(1), np.int64(1))",0,-18.0,0
283,582,"(np.int64(1), np.int64(1), np.int64(1), np.int64(1), np.int64(1), np.int64(1), np.int64(1), np.int64(1), np.int64(1), np.int64(1), np.int64(1), np.int64(1))",0,-28.0,0
283,583,"(np.int64(1), np.int64(1), np.int64(1), np.int64(1), np.int64(1), np.int64(1), np.int64(1), np.int64(1), np.int64(1), np.int64(1), np.int64(1), np.int64(1))",0,-38.0,0
283,584,"(np.int64(1), np.int64(1), np.int64(1), np.int64(1), np.int64(1), np.int64(1), np.int64(1), np.int64(1), np.int64(1), np.int64(1), np.int64(1), np.int64(1))",0,-48.0,0
283,585,"(np.int64(1), np.int64(1), np.int64(1), np.int64(1), np.int64(1), np.int64(1), np.int64(1), np.int64(1), np.int64(1), np.int64(1), np.int64(1), np.int64(1))",0,-58.0,0
283,586,"(np.int64(1), np.int64(1), np.int64(1), np.int64(1), np.int64(1), np.int64(1), np.int64(1), np.int64(1), np.int64(1), np.int64(1), np.int64(1), np.int64(1))",0,-68.0,0
283,587,"(np.int64(1), np.int64(1), np.int64(1), np.int64(1), np.int64(1), np.int64(1), np.int64(1), np.int64(1), np.int64(1), np.int64(1), np.int64(1), np.int64(1))",0,-78.0,0
283,588,"(np.int64(1), np.int64(1), np.int64(1), np.int64(1), np.int64(1), np.int64(1), np.int64(1), np.int64(1), np.int64(1), np.int64(1), np.int64(1), np.int64(1))",0,-88.0,0
283,589,"(np.int64(1), np.int64(1), np.int64(1), np.int64(1), np.int64(1), np.int64(1), np.int64(1), np.int64(1), np.int64(1), np.int64(1), np.int64(1), np.int64(1))",0,-98.0,0
283,590,"(np.int64(1), np.int64(1), np.int64(1), np.int64(1), np.int64(1), np.int64(1), np.int64(1), np.int64(1), np.int64(1), np.int64(1), np.int64(1), np.int64(1))",0,-108.0,0
283,591,"(np.int64(1), np.int64(1), np.int64(1), np.int64(1), np.int64(1), np.int64(1), np.int64(1), np.int64(1), np.int64(1), np.int64(1), np.int64(1), np.int64(1))",0,-118.0,0
283,592,"(np.int64(1), np.int64(1), np.int64(1), np.int64(1), np.int64(1), np.int64(1), np.int64(1), np.int64(1), np.int64(1), np.int64(1), np.int64(1), np.int64(1))",0,-128.0,0
283,593,"(np.int64(1), np.int64(1), np.int64(1), np.int64(1), np.int64(1), np.int64(1), np.int64(1), np.int64(1), np.int64(1), np.int64(1), np.int64(1), np.int64(1))",2,-138.0,2
283,594,"(np.int64(1), np.int64(1), np.int64(1), np.int64(1), np.int64(1), np.int64(1), np.int64(1), np.int64(1), np.int64(1), np.int64(1), np.int64(1), np.int64(1))",0,-148.0,0
283,595,"(np.int64(1), np.int64(1), np.int64(1), np.int64(1), np.int64(1), np.int64(1), np.int64(1), np.int64(1), np.int64(1), np.int64(1), np.int64(1), np.int64(1))",0,-158.0,0
283,596,"(np.int64(1), np.int64(1), np.int64(1), np.int64(1), np.int64(1), np.int64(1), np.int64(1), np.int64(1), np.int64(1), np.int64(1), np.int64(1), np.int64(1))",0,-168.0,0
283,597,"(np.int64(1), np.int64(1), np.int64(1), np.int64(1), np.int64(1), np.int64(1), np.int64(1), np.int64(1), np.int64(1), np.int64(1), np.int64(1), np.int64(1))",0,-178.0,0
283,598,"(np.int64(1), np.int64(1), np.int64(1), np.int64(1), np.int64(1), np.int64(1), np.int64(1), np.int64(1), np.int64(1), np.int64(1), np.int64(1), np.int64(1))",0,-188.0,0
283,599,"(np.int64(1), np.int64(1), np.int64(1), np.int64(1), np.int64(1), np.int64(1), np.int64(1), np.int64(1), np.int64(1), np.int64(1), np.int64(1), np.int64(1))",0,-198.0,0
283,600,"(np.int64(1), np.int64(1), np.int64(1), np.int64(1), np.int64(1), np.int64(1), np.int64(1), np.int64(1), np.int64(1), np.int64(1), np.int64(1), np.int64(1))",0,-208.0,0
283,601,"(np.int64(1), np.int64(1), np.int64(1), np.int64(1), np.int64(1), np.int64(1), np.int64(1), np.int64(1), np.int64(1), np.int64(1), np.int64(1), np.int64(1))",2,-218.0,2
283,602,"(np.int64(1), np.int64(1), np.int64(1), np.int64(1), np.int64(1), np.int64(1), np.int64(1), np.int64(1), np.int64(1), np.int64(1), np.int64(1), np.int64(1))",0,-223.0,0
283,603,"(np.int64(1), np.int64(1), np.int64(1), np.int64(1), np.int64(1), np.int64(1), np.int64(1), np.int64(1), np.int64(1), np.int64(1), np.int64(1), np.int64(1))",0,-238.0,0
283,604,"(np.int64(1), np.int64(1), np.int64(1), np.int64(1), np.int64(1), np.int64(1), np.int64(1), np.int64(1), np.int64(1), np.int64(1), np.int64(1), np.int64(1))",0,-248.0,0
283,605,"(np.int64(1), np.int64(1), np.int64(1), np.int64(1), np.int64(1), np.int64(1), np.int64(1), np.int64(1), np.int64(1), np.int64(1), np.int64(1), np.int64(1))",0,-258.0,0
283,606,"(np.int64(1), np.int64(1), np.int64(1), np.int64(1), np.int64(1), np.int64(1), np.int64(1), np.int64(1), np.int64(1), np.int64(1), np.int64(1), np.int64(1))",2,-268.0,2
283,607,"(np.int64(1), np.int64(1), np.int64(1), np.int64(1), np.int64(1), np.int64(1), np.int64(1), np.int64(1), np.int64(1), np.int64(1), np.int64(1), np.int64(1))",0,-273.0,0
283,608,"(np.int64(1), np.int64(1), np.int64(1), np.int64(1), np.int64(1), np.int64(1), np.int64(1), np.int64(1), np.int64(1), np.int64(1), np.int64(1), np.int64(1))",0,-288.0,0
283,609,"(np.int64(1), np.int64(1), np.int64(1), np.int64(1), np.int64(1), np.int64(1), np.int64(1), np.int64(1), np.int64(1), np.int64(1), np.int64(1), np.int64(1))",2,-298.0,2
283,610,"(np.int64(1), np.int64(1), np.int64(1), np.int64(1), np.int64(1), np.int64(1), np.int64(1), np.int64(1), np.int64(1), np.int64(1), np.int64(1), np.int64(1))",0,-0.0,0
283,611,"(np.int64(1), np.int64(1), np.int64(1), np.int64(1), np.int64(1), np.int64(1), np.int64(1), np.int64(1), np.int64(1), np.int64(1), np.int64(1), np.int64(1))",0,-5.0,0
283,612,"(np.int64(1), np.int64(1), np.int64(1), np.int64(1), np.int64(1), np.int64(1), np.int64(1), np.int64(1), np.int64(1), np.int64(1), np.int64(1), np.int64(1))",0,-5.0,0
283,613,"(np.int64(1), np.int64(1), np.int64(1), np.int64(1), np.int64(1), np.int64(1), np.int64(1), np.int64(1), np.int64(1), np.int64(1), np.int64(1), np.int64(1))",0,-5.0,0
283,614,"(np.int64(1), np.int64(1), np.int64(1), np.int64(1), np.int64(1), np.int64(1), np.int64(1), np.int64(1), np.int64(1), np.int64(1), np.int64(1), np.int64(1))",0,-5.0,0
283,615,"(np.int64(1), np.int64(1), np.int64(1), np.int64(1), np.int64(1), np.int64(1), np.int64(1), np.int64(1), np.int64(1), np.int64(1), np.int64(1), np.int64(1))",0,-5.0,0
283,616,"(np.int64(1), np.int64(1), np.int64(1), np.int64(1), np.int64(1), np.int64(1), np.int64(1), np.int64(1), np.int64(1), np.int64(1), np.int64(1), np.int64(1))",0,-5.0,0
283,617,"(np.int64(1), np.int64(1), np.int64(1), np.int64(1), np.int64(1), np.int64(1), np.int64(1), np.int64(1), np.int64(1), np.int64(1), np.int64(1), np.int64(1))",0,-5.0,0
283,618,"(np.int64(1), np.int64(1), np.int64(1), np.int64(1), np.int64(1), np.int64(1), np.int64(1), np.int64(1), np.int64(1), np.int64(1), np.int64(1), np.int64(1))",0,-5.0,0
283,619,"(np.int64(1), np.int64(1), np.int64(1), np.int64(1), np.int64(1), np.int64(1), np.int64(1), np.int64(1), np.int64(1), np.int64(1), np.int64(1), np.int64(1))",0,-5.0,0
283,620,"(np.int64(1), np.int64(1), np.int64(1), np.int64(1), np.int64(1), np.int64(1), np.int64(1), np.int64(1), np.int64(1), np.int64(1), np.int64(1), np.int64(1))",0,-5.0,0
283,621,"(np.int64(1), np.int64(1), np.int64(1), np.int64(1), np.int64(1), np.int64(1), np.int64(1), np.int64(1), np.int64(1), np.int64(1), np.int64(1), np.int64(1))",0,-5.0,0
283,622,"(np.int64(1), np.int64(1), np.int64(1), np.int64(1), np.int64(1), np.int64(1), np.int64(1), np.int64(1), np.int64(1), np.int64(1), np.int64(1), np.int64(1))",0,-5.0,0
283,623,"(np.int64(1), np.int64(1), np.int64(1), np.int64(1), np.int64(1), np.int64(1), np.int64(1), np.int64(1), np.int64(1), np.int64(1), np.int64(1), np.int64(1))",0,-5.0,0
283,624,"(np.int64(1), np.int64(1), np.int64(1), np.int64(1), np.int64(1), np.int64(1), np.int64(1), np.int64(1), np.int64(1), np.int64(1), np.int64(1), np.int64(1))",0,-5.0,0
283,625,"(np.int64(1), np.int64(1), np.int64(1), np.int64(1), np.int64(1), np.int64(1), np.int64(1), np.int64(1), np.int64(1), np.int64(1), np.int64(1), np.int64(1))",0,-5.0,0
283,626,"(np.int64(1), np.int64(1), np.int64(1), np.int64(1), np.int64(1), np.int64(1), np.int64(1), np.int64(1), np.int64(1), np.int64(1), np.int64(1), np.int64(1))",0,-5.0,0
283,627,"(np.int64(1), np.int64(1), np.int64(1), np.int64(1), np.int64(1), np.int64(1), np.int64(1), np.int64(1), np.int64(1), np.int64(1), np.int64(1), np.int64(1))",0,-5.0,0
283,628,"(np.int64(1), np.int64(1), np.int64(1), np.int64(1), np.int64(1), np.int64(1), np.int64(1), np.int64(1), np.int64(1), np.int64(1), np.int64(1), np.int64(1))",0,-5.0,0
283,629,"(np.int64(1), np.int64(1), np.int64(1), np.int64(1), np.int64(1), np.int64(1), np.int64(1), np.int64(1), np.int64(1), np.int64(1), np.int64(1), np.int64(1))",0,-5.0,0
283,630,"(np.int64(1), np.int64(1), np.int64(1), np.int64(1), np.int64(1), np.int64(1), np.int64(1), np.int64(1), np.int64(1), np.int64(1), np.int64(1), np.int64(1))",0,-5.0,0
283,631,"(np.int64(1), np.int64(1), np.int64(1), np.int64(1), np.int64(1), np.int64(1), np.int64(1), np.int64(1), np.int64(1), np.int64(1), np.int64(1), np.int64(1))",0,-5.0,0
283,632,"(np.int64(1), np.int64(1), np.int64(1), np.int64(1), np.int64(1), np.int64(1), np.int64(1), np.int64(1), np.int64(1), np.int64(1), np.int64(1), np.int64(1))",0,-5.0,0
283,633,"(np.int64(1), np.int64(1), np.int64(1), np.int64(1), np.int64(1), np.int64(1), np.int64(1), np.int64(1), np.int64(1), np.int64(1), np.int64(1), np.int64(1))",2,-5.0,2
283,634,"(np.int64(1), np.int64(1), np.int64(1), np.int64(1), np.int64(1), np.int64(1), np.int64(1), np.int64(1), np.int64(1), np.int64(1), np.int64(1), np.int64(1))",0,-5.0,0
283,635,"(np.int64(1), np.int64(1), np.int64(1), np.int64(1), np.int64(1), np.int64(1), np.int64(1), np.int64(1), np.int64(1), np.int64(1), np.int64(1), np.int64(1))",0,-5.0,0
283,636,"(np.int64(1), np.int64(1), np.int64(1), np.int64(1), np.int64(1), np.int64(1), np.int64(1), np.int64(1), np.int64(1), np.int64(1), np.int64(1), np.int64(1))",0,-5.0,0
283,637,"(np.int64(1), np.int64(1), np.int64(1), np.int64(1), np.int64(1), np.int64(1), np.int64(1), np.int64(1), np.int64(1), np.int64(1), np.int64(1), np.int64(1))",0,-5.0,0
283,638,"(np.int64(1), np.int64(1), np.int64(1), np.int64(1), np.int64(1), np.int64(1), np.int64(1), np.int64(1), np.int64(1), np.int64(1), np.int64(1), np.int64(1))",0,-5.0,0
283,639,"(np.int64(1), np.int64(1), np.int64(1), np.int64(1), np.int64(1), np.int64(1), np.int64(1), np.int64(1), np.int64(1), np.int64(1), np.int64(1), np.int64(1))",0,-5.0,0
283,640,"(np.int64(1), np.int64(1), np.int64(1), np.int64(1), np.int64(1), np.int64(1), np.int64(1), np.int64(1), np.int64(1), np.int64(1), np.int64(1), np.int64(1))",0,-5.0,0
283,641,"(np.int64(1), np.int64(1), np.int64(1), np.int64(1), np.int64(1), np.int64(1), np.int64(1), np.int64(1), np.int64(1), np.int64(1), np.int64(1), np.int64(1))",0,-12.0,0
283,642,"(np.int64(1), np.int64(1), np.int64(1), np.int64(1), np.int64(1), np.int64(1), np.int64(1), np.int64(1), np.int64(1), np.int64(1), np.int64(1), np.int64(1))",0,-22.0,0
283,643,"(np.int64(1), np.int64(1), np.int64(1), np.int64(1), np.int64(1), np.int64(1), np.int64(1), np.int64(1), np.int64(1), np.int64(1), np.int64(1), np.int64(1))",2,-32.0,2
283,644,"(np.int64(1), np.int64(1), np.int64(1), np.int64(1), np.int64(1), np.int64(1), np.int64(1), np.int64(1), np.int64(1), np.int64(1), np.int64(1), np.int64(1))",0,-42.0,0
283,645,"(np.int64(1), np.int64(1), np.int64(1), np.int64(1), np.int64(1), np.int64(1), np.int64(1), np.int64(1), np.int64(1), np.int64(1), np.int64(1), np.int64(1))",0,-52.0,0
283,646,"(np.int64(1), np.int64(1), np.int64(1), np.int64(1), np.int64(1), np.int64(1), np.int64(1), np.int64(1), np.int64(1), np.int64(1), np.int64(1), np.int64(1))",0,-62.0,0
283,647,"(np.int64(1), np.int64(1), np.int64(1), np.int64(1), np.int64(1), np.int64(1), np.int64(1), np.int64(1), np.int64(1), np.int64(1), np.int64(1), np.int64(1))",0,-72.0,0
283,648,"(np.int64(1), np.int64(1), np.int64(1), np.int64(1), np.int64(1), np.int64(1), np.int64(1), np.int64(1), np.int64(1), np.int64(1), np.int64(1), np.int64(1))",0,-82.0,0
283,649,"(np.int64(1), np.int64(1), np.int64(1), np.int64(1), np.int64(1), np.int64(1), np.int64(1), np.int64(1), np.int64(1), np.int64(1), np.int64(1), np.int64(1))",0,-92.0,0
283,650,"(np.int64(1), np.int64(1), np.int64(1), np.int64(1), np.int64(1), np.int64(1), np.int64(1), np.int64(1), np.int64(1), np.int64(1), np.int64(1), np.int64(1))",0,-102.0,0
283,651,"(np.int64(1), np.int64(1), np.int64(1), np.int64(1), np.int64(1), np.int64(1), np.int64(1), np.int64(1), np.int64(1), np.int64(1), np.int64(1), np.int64(1))",0,-112.0,0
283,652,"(np.int64(1), np.int64(1), np.int64(1), np.int64(1), np.int64(1), np.int64(1), np.int64(1), np.int64(1), np.int64(1), np.int64(1), np.int64(1), np.int64(1))",0,-122.0,0
283,653,"(np.int64(1), np.int64(1), np.int64(1), np.int64(1), np.int64(1), np.int64(1), np.int64(1), np.int64(1), np.int64(1), np.int64(1), np.int64(1), np.int64(1))",0,-132.0,0
283,654,"(np.int64(1), np.int64(1), np.int64(1), np.int64(1), np.int64(1), np.int64(1), np.int64(1), np.int64(1), np.int64(1), np.int64(1), np.int64(1), np.int64(1))",0,-142.0,0
283,655,"(np.int64(1), np.int64(1), np.int64(1), np.int64(1), np.int64(1), np.int64(1), np.int64(1), np.int64(1), np.int64(1), np.int64(1), np.int64(1), np.int64(1))",0,-152.0,0
283,656,"(np.int64(1), np.int64(1), np.int64(1), np.int64(1), np.int64(1), np.int64(1), np.int64(1), np.int64(1), np.int64(1), np.int64(1), np.int64(1), np.int64(1))",0,-162.0,0
283,657,"(np.int64(1), np.int64(1), np.int64(1), np.int64(1), np.int64(1), np.int64(1), np.int64(1), np.int64(1), np.int64(1), np.int64(1), np.int64(1), np.int64(1))",0,-172.0,0
283,658,"(np.int64(1), np.int64(1), np.int64(1), np.int64(1), np.int64(1), np.int64(1), np.int64(1), np.int64(1), np.int64(1), np.int64(1), np.int64(1), np.int64(1))",0,-182.0,0
283,659,"(np.int64(1), np.int64(1), np.int64(1), np.int64(1), np.int64(1), np.int64(1), np.int64(1), np.int64(1), np.int64(1), np.int64(1), np.int64(1), np.int64(1))",0,-192.0,0
283,660,"(np.int64(1), np.int64(1), np.int64(1), np.int64(1), np.int64(1), np.int64(1), np.int64(1), np.int64(1), np.int64(1), np.int64(1), np.int64(1), np.int64(1))",0,-202.0,0
283,661,"(np.int64(1), np.int64(1), np.int64(1), np.int64(1), np.int64(1), np.int64(1), np.int64(1), np.int64(1), np.int64(1), np.int64(1), np.int64(1), np.int64(1))",0,-212.0,0
283,662,"(np.int64(1), np.int64(1), np.int64(1), np.int64(1), np.int64(1), np.int64(1), np.int64(1), np.int64(1), np.int64(1), np.int64(1), np.int64(1), np.int64(1))",0,-222.0,0
283,663,"(np.int64(1), np.int64(1), np.int64(1), np.int64(1), np.int64(1), np.int64(1), np.int64(1), np.int64(1), np.int64(1), np.int64(1), np.int64(1), np.int64(1))",0,-232.0,0
283,664,"(np.int64(1), np.int64(1), np.int64(1), np.int64(1), np.int64(1), np.int64(1), np.int64(1), np.int64(1), np.int64(1), np.int64(1), np.int64(1), np.int64(1))",0,-242.0,0
283,665,"(np.int64(1), np.int64(1), np.int64(1), np.int64(1), np.int64(1), np.int64(1), np.int64(1), np.int64(1), np.int64(1), np.int64(1), np.int64(1), np.int64(1))",0,-252.0,0
283,666,"(np.int64(1), np.int64(1), np.int64(1), np.int64(1), np.int64(1), np.int64(1), np.int64(1), np.int64(1), np.int64(1), np.int64(1), np.int64(1), np.int64(1))",0,-262.0,0
283,667,"(np.int64(1), np.int64(1), np.int64(1), np.int64(1), np.int64(1), np.int64(1), np.int64(1), np.int64(1), np.int64(1), np.int64(1), np.int64(1), np.int64(1))",0,-272.0,0
283,668,"(np.int64(1), np.int64(1), np.int64(1), np.int64(1), np.int64(1), np.int64(1), np.int64(1), np.int64(1), np.int64(1), np.int64(1), np.int64(1), np.int64(1))",0,-282.0,0
283,669,"(np.int64(1), np.int64(1), np.int64(1), np.int64(1), np.int64(1), np.int64(1), np.int64(1), np.int64(1), np.int64(1), np.int64(1), np.int64(1), np.int64(1))",0,-292.0,0
283,670,"(np.int64(1), np.int64(1), np.int64(1), np.int64(1), np.int64(1), np.int64(1), np.int64(1), np.int64(1), np.int64(1), np.int64(1), np.int64(1), np.int64(1))",0,-302.0,0
283,671,"(np.int64(1), np.int64(1), np.int64(1), np.int64(1), np.int64(1), np.int64(1), np.int64(1), np.int64(1), np.int64(1), np.int64(1), np.int64(1), np.int64(1))",0,-5.0,0
283,672,"(np.int64(1), np.int64(1), np.int64(1), np.int64(1), np.int64(1), np.int64(1), np.int64(1), np.int64(1), np.int64(1), np.int64(1), np.int64(1), np.int64(1))",0,-5.0,0
283,673,"(np.int64(1), np.int64(1), np.int64(1), np.int64(1), np.int64(1), np.int64(1), np.int64(1), np.int64(1), np.int64(1), np.int64(1), np.int64(1), np.int64(1))",0,-5.0,0
283,674,"(np.int64(1), np.int64(1), np.int64(1), np.int64(1), np.int64(1), np.int64(1), np.int64(1), np.int64(1), np.int64(1), np.int64(1), np.int64(1), np.int64(1))",0,-5.0,0
283,675,"(np.int64(1), np.int64(1), np.int64(1), np.int64(1), np.int64(1), np.int64(1), np.int64(1), np.int64(1), np.int64(1), np.int64(1), np.int64(1), np.int64(1))",0,-5.0,0
283,676,"(np.int64(1), np.int64(1), np.int64(1), np.int64(1), np.int64(1), np.int64(1), np.int64(1), np.int64(1), np.int64(1), np.int64(1), np.int64(1), np.int64(1))",0,-5.0,0
283,677,"(np.int64(1), np.int64(1), np.int64(1), np.int64(1), np.int64(1), np.int64(1), np.int64(1), np.int64(1), np.int64(1), np.int64(1), np.int64(1), np.int64(1))",0,-5.0,0
283,678,"(np.int64(1), np.int64(1), np.int64(1), np.int64(1), np.int64(1), np.int64(1), np.int64(1), np.int64(1), np.int64(1), np.int64(1), np.int64(1), np.int64(1))",0,-5.0,0
283,679,"(np.int64(1), np.int64(1), np.int64(1), np.int64(1), np.int64(1), np.int64(1), np.int64(1), np.int64(1), np.int64(1), np.int64(1), np.int64(1), np.int64(1))",0,-5.0,0
283,680,"(np.int64(1), np.int64(1), np.int64(1), np.int64(1), np.int64(1), np.int64(1), np.int64(1), np.int64(1), np.int64(1), np.int64(1), np.int64(1), np.int64(1))",0,-5.0,0
283,681,"(np.int64(1), np.int64(1), np.int64(1), np.int64(1), np.int64(1), np.int64(1), np.int64(1), np.int64(1), np.int64(1), np.int64(1), np.int64(1), np.int64(1))",0,-5.0,0
283,682,"(np.int64(1), np.int64(1), np.int64(1), np.int64(1), np.int64(1), np.int64(1), np.int64(1), np.int64(1), np.int64(1), np.int64(1), np.int64(1), np.int64(1))",0,-5.0,0
283,683,"(np.int64(1), np.int64(1), np.int64(1), np.int64(1), np.int64(1), np.int64(1), np.int64(1), np.int64(1), np.int64(1), np.int64(1), np.int64(1), np.int64(1))",0,-5.0,0
283,684,"(np.int64(1), np.int64(1), np.int64(1), np.int64(1), np.int64(1), np.int64(1), np.int64(1), np.int64(1), np.int64(1), np.int64(1), np.int64(1), np.int64(1))",0,-5.0,0
283,685,"(np.int64(1), np.int64(1), np.int64(1), np.int64(1), np.int64(1), np.int64(1), np.int64(1), np.int64(1), np.int64(1), np.int64(1), np.int64(1), np.int64(1))",0,-5.0,0
283,686,"(np.int64(1), np.int64(1), np.int64(1), np.int64(1), np.int64(1), np.int64(1), np.int64(1), np.int64(1), np.int64(1), np.int64(1), np.int64(1), np.int64(1))",0,-5.0,0
283,687,"(np.int64(1), np.int64(1), np.int64(1), np.int64(1), np.int64(1), np.int64(1), np.int64(1), np.int64(1), np.int64(1), np.int64(1), np.int64(1), np.int64(1))",0,-5.0,0
283,688,"(np.int64(1), np.int64(1), np.int64(1), np.int64(1), np.int64(1), np.int64(1), np.int64(1), np.int64(1), np.int64(1), np.int64(1), np.int64(1), np.int64(1))",0,-5.0,0
283,689,"(np.int64(1), np.int64(1), np.int64(1), np.int64(1), np.int64(1), np.int64(1), np.int64(1), np.int64(1), np.int64(1), np.int64(1), np.int64(1), np.int64(1))",0,-5.0,0
283,690,"(np.int64(1), np.int64(1), np.int64(1), np.int64(1), np.int64(1), np.int64(1), np.int64(1), np.int64(1), np.int64(1), np.int64(1), np.int64(1), np.int64(1))",0,-5.0,0
283,691,"(np.int64(1), np.int64(1), np.int64(1), np.int64(1), np.int64(1), np.int64(1), np.int64(1), np.int64(1), np.int64(1), np.int64(1), np.int64(1), np.int64(1))",0,-5.0,0
283,692,"(np.int64(1), np.int64(1), np.int64(1), np.int64(1), np.int64(1), np.int64(1), np.int64(1), np.int64(1), np.int64(1), np.int64(1), np.int64(1), np.int64(1))",0,-5.0,0
283,693,"(np.int64(1), np.int64(1), np.int64(1), np.int64(1), np.int64(1), np.int64(1), np.int64(1), np.int64(1), np.int64(1), np.int64(1), np.int64(1), np.int64(1))",0,-5.0,0
283,694,"(np.int64(1), np.int64(1), np.int64(1), np.int64(1), np.int64(1), np.int64(1), np.int64(1), np.int64(1), np.int64(1), np.int64(1), np.int64(1), np.int64(1))",0,-5.0,0
283,695,"(np.int64(1), np.int64(1), np.int64(1), np.int64(1), np.int64(1), np.int64(1), np.int64(1), np.int64(1), np.int64(1), np.int64(1), np.int64(1), np.int64(1))",0,-5.0,0
283,696,"(np.int64(1), np.int64(1), np.int64(1), np.int64(1), np.int64(1), np.int64(1), np.int64(1), np.int64(1), np.int64(1), np.int64(1), np.int64(1), np.int64(1))",0,-5.0,0
283,697,"(np.int64(1), np.int64(1), np.int64(1), np.int64(1), np.int64(1), np.int64(1), np.int64(1), np.int64(1), np.int64(1), np.int64(1), np.int64(1), np.int64(1))",0,-5.0,0
283,698,"(np.int64(1), np.int64(1), np.int64(1), np.int64(1), np.int64(1), np.int64(1), np.int64(1), np.int64(1), np.int64(1), np.int64(1), np.int64(1), np.int64(1))",2,-5.0,2
283,699,"(np.int64(1), np.int64(1), np.int64(1), np.int64(1), np.int64(1), np.int64(1), np.int64(1), np.int64(1), np.int64(1), np.int64(1), np.int64(1), np.int64(1))",0,-5.0,0
283,700,"(np.int64(1), np.int64(1), np.int64(1), np.int64(1), np.int64(1), np.int64(1), np.int64(1), np.int64(1), np.int64(1), np.int64(1), np.int64(1), np.int64(1))",0,-5.0,0
283,701,"(np.int64(1), np.int64(1), np.int64(1), np.int64(1), np.int64(1), np.int64(1), np.int64(1), np.int64(1), np.int64(1), np.int64(1), np.int64(1), np.int64(1))",0,-6.0,0
283,702,"(np.int64(1), np.int64(1), np.int64(1), np.int64(1), np.int64(1), np.int64(1), np.int64(1), np.int64(1), np.int64(1), np.int64(1), np.int64(1), np.int64(1))",0,-16.0,0
283,703,"(np.int64(1), np.int64(1), np.int64(1), np.int64(1), np.int64(1), np.int64(1), np.int64(1), np.int64(1), np.int64(1), np.int64(1), np.int64(1), np.int64(1))",0,-26.0,0
283,704,"(np.int64(1), np.int64(1), np.int64(1), np.int64(1), np.int64(1), np.int64(1), np.int64(1), np.int64(1), np.int64(1), np.int64(1), np.int64(1), np.int64(1))",0,-36.0,0
283,705,"(np.int64(1), np.int64(1), np.int64(1), np.int64(1), np.int64(1), np.int64(1), np.int64(1), np.int64(1), np.int64(1), np.int64(1), np.int64(1), np.int64(1))",0,-46.0,0
283,706,"(np.int64(1), np.int64(1), np.int64(1), np.int64(1), np.int64(1), np.int64(1), np.int64(1), np.int64(1), np.int64(1), np.int64(1), np.int64(1), np.int64(1))",0,-56.0,0
283,707,"(np.int64(1), np.int64(1), np.int64(1), np.int64(1), np.int64(1), np.int64(1), np.int64(1), np.int64(1), np.int64(1), np.int64(1), np.int64(1), np.int64(1))",0,-66.0,0
283,708,"(np.int64(1), np.int64(1), np.int64(1), np.int64(1), np.int64(1), np.int64(1), np.int64(1), np.int64(1), np.int64(1), np.int64(1), np.int64(1), np.int64(1))",0,-76.0,0
283,709,"(np.int64(1), np.int64(1), np.int64(1), np.int64(1), np.int64(1), np.int64(1), np.int64(1), np.int64(1), np.int64(1), np.int64(1), np.int64(1), np.int64(1))",0,-86.0,0
283,710,"(np.int64(1), np.int64(1), np.int64(1), np.int64(1), np.int64(1), np.int64(1), np.int64(1), np.int64(1), np.int64(1), np.int64(1), np.int64(1), np.int64(1))",0,-96.0,0
283,711,"(np.int64(1), np.int64(1), np.int64(1), np.int64(1), np.int64(1), np.int64(1), np.int64(1), np.int64(1), np.int64(1), np.int64(1), np.int64(1), np.int64(1))",0,-106.0,0
283,712,"(np.int64(1), np.int64(1), np.int64(1), np.int64(1), np.int64(1), np.int64(1), np.int64(1), np.int64(1), np.int64(1), np.int64(1), np.int64(1), np.int64(1))",0,-116.0,0
283,713,"(np.int64(1), np.int64(1), np.int64(1), np.int64(1), np.int64(1), np.int64(1), np.int64(1), np.int64(1), np.int64(1), np.int64(1), np.int64(1), np.int64(1))",0,-126.0,0
283,714,"(np.int64(1), np.int64(1), np.int64(1), np.int64(1), np.int64(1), np.int64(1), np.int64(1), np.int64(1), np.int64(1), np.int64(1), np.int64(1), np.int64(1))",0,-136.0,0
283,715,"(np.int64(1), np.int64(1), np.int64(1), np.int64(1), np.int64(1), np.int64(1), np.int64(1), np.int64(1), np.int64(1), np.int64(1), np.int64(1), np.int64(1))",0,-146.0,0
283,716,"(np.int64(1), np.int64(1), np.int64(1), np.int64(1), np.int64(1), np.int64(1), np.int64(1), np.int64(1), np.int64(1), np.int64(1), np.int64(1), np.int64(1))",0,-156.0,0
283,717,"(np.int64(1), np.int64(1), np.int64(1), np.int64(1), np.int64(1), np.int64(1), np.int64(1), np.int64(1), np.int64(1), np.int64(1), np.int64(1), np.int64(1))",0,-166.0,0
283,718,"(np.int64(1), np.int64(1), np.int64(1), np.int64(1), np.int64(1), np.int64(1), np.int64(1), np.int64(1), np.int64(1), np.int64(1), np.int64(1), np.int64(1))",0,-176.0,0
283,719,"(np.int64(1), np.int64(1), np.int64(1), np.int64(1), np.int64(1), np.int64(1), np.int64(1), np.int64(1), np.int64(1), np.int64(1), np.int64(1), np.int64(1))",0,-186.0,0
283,720,"(np.int64(1), np.int64(1), np.int64(1), np.int64(1), np.int64(1), np.int64(1), np.int64(1), np.int64(1), np.int64(1), np.int64(1), np.int64(1), np.int64(1))",0,-196.0,0
283,721,"(np.int64(1), np.int64(1), np.int64(1), np.int64(1), np.int64(1), np.int64(1), np.int64(1), np.int64(1), np.int64(1), np.int64(1), np.int64(1), np.int64(1))",0,-206.0,0
283,722,"(np.int64(1), np.int64(1), np.int64(1), np.int64(1), np.int64(1), np.int64(1), np.int64(1), np.int64(1), np.int64(1), np.int64(1), np.int64(1), np.int64(1))",2,-216.0,2
283,723,"(np.int64(1), np.int64(1), np.int64(1), np.int64(1), np.int64(1), np.int64(1), np.int64(1), np.int64(1), np.int64(1), np.int64(1), np.int64(1), np.int64(1))",0,-226.0,0
283,724,"(np.int64(1), np.int64(1), np.int64(1), np.int64(1), np.int64(1), np.int64(1), np.int64(1), np.int64(1), np.int64(1), np.int64(1), np.int64(1), np.int64(1))",0,-236.0,0
283,725,"(np.int64(1), np.int64(1), np.int64(1), np.int64(1), np.int64(1), np.int64(1), np.int64(1), np.int64(1), np.int64(1), np.int64(1), np.int64(1), np.int64(1))",0,-246.0,0
283,726,"(np.int64(1), np.int64(1), np.int64(1), np.int64(1), np.int64(1), np.int64(1), np.int64(1), np.int64(1), np.int64(1), np.int64(1), np.int64(1), np.int64(1))",0,-256.0,0
283,727,"(np.int64(1), np.int64(1), np.int64(1), np.int64(1), np.int64(1), np.int64(1), np.int64(1), np.int64(1), np.int64(1), np.int64(1), np.int64(1), np.int64(1))",2,-266.0,2
283,728,"(np.int64(1), np.int64(1), np.int64(1), np.int64(1), np.int64(1), np.int64(1), np.int64(1), np.int64(1), np.int64(1), np.int64(1), np.int64(1), np.int64(1))",0,-276.0,0
283,729,"(np.int64(1), np.int64(1), np.int64(1), np.int64(1), np.int64(1), np.int64(1), np.int64(1), np.int64(1), np.int64(1), np.int64(1), np.int64(1), np.int64(1))",0,-286.0,0
283,730,"(np.int64(1), np.int64(1), np.int64(1), np.int64(1), np.int64(1), np.int64(1), np.int64(1), np.int64(1), np.int64(1), np.int64(1), np.int64(1), np.int64(1))",0,-296.0,0
283,731,"(np.int64(1), np.int64(1), np.int64(1), np.int64(1), np.int64(1), np.int64(1), np.int64(1), np.int64(1), np.int64(1), np.int64(1), np.int64(1), np.int64(1))",0,-5.0,0
283,732,"(np.int64(1), np.int64(1), np.int64(1), np.int64(1), np.int64(1), np.int64(1), np.int64(1), np.int64(1), np.int64(1), np.int64(1), np.int64(1), np.int64(1))",0,-5.0,0
283,733,"(np.int64(1), np.int64(1), np.int64(1), np.int64(1), np.int64(1), np.int64(1), np.int64(1), np.int64(1), np.int64(1), np.int64(1), np.int64(1), np.int64(1))",0,-5.0,0
283,734,"(np.int64(1), np.int64(1), np.int64(1), np.int64(1), np.int64(1), np.int64(1), np.int64(1), np.int64(1), np.int64(1), np.int64(1), np.int64(1), np.int64(1))",0,-5.0,0
283,735,"(np.int64(1), np.int64(1), np.int64(1), np.int64(1), np.int64(1), np.int64(1), np.int64(1), np.int64(1), np.int64(1), np.int64(1), np.int64(1), np.int64(1))",0,-5.0,0
283,736,"(np.int64(1), np.int64(1), np.int64(1), np.int64(1), np.int64(1), np.int64(1), np.int64(1), np.int64(1), np.int64(1), np.int64(1), np.int64(1), np.int64(1))",0,-5.0,0
283,737,"(np.int64(1), np.int64(1), np.int64(1), np.int64(1), np.int64(1), np.int64(1), np.int64(1), np.int64(1), np.int64(1), np.int64(1), np.int64(1), np.int64(1))",0,-5.0,0
283,738,"(np.int64(1), np.int64(1), np.int64(1), np.int64(1), np.int64(1), np.int64(1), np.int64(1), np.int64(1), np.int64(1), np.int64(1), np.int64(1), np.int64(1))",0,-5.0,0
283,739,"(np.int64(1), np.int64(1), np.int64(1), np.int64(1), np.int64(1), np.int64(1), np.int64(1), np.int64(1), np.int64(1), np.int64(1), np.int64(1), np.int64(1))",0,-5.0,0
283,740,"(np.int64(1), np.int64(1), np.int64(1), np.int64(1), np.int64(1), np.int64(1), np.int64(1), np.int64(1), np.int64(1), np.int64(1), np.int64(1), np.int64(1))",0,-5.0,0
283,741,"(np.int64(1), np.int64(1), np.int64(1), np.int64(1), np.int64(1), np.int64(1), np.int64(1), np.int64(1), np.int64(1), np.int64(1), np.int64(1), np.int64(1))",2,-5.0,2
283,742,"(np.int64(1), np.int64(1), np.int64(1), np.int64(1), np.int64(1), np.int64(1), np.int64(1), np.int64(1), np.int64(1), np.int64(1), np.int64(1), np.int64(1))",0,-0.0,0
283,743,"(np.int64(1), np.int64(1), np.int64(1), np.int64(1), np.int64(1), np.int64(1), np.int64(1), np.int64(1), np.int64(1), np.int64(1), np.int64(1), np.int64(1))",0,-5.0,0
283,744,"(np.int64(1), np.int64(1), np.int64(1), np.int64(1), np.int64(1), np.int64(1), np.int64(1), np.int64(1), np.int64(1), np.int64(1), np.int64(1), np.int64(1))",0,-5.0,0
283,745,"(np.int64(1), np.int64(1), np.int64(1), np.int64(1), np.int64(1), np.int64(1), np.int64(1), np.int64(1), np.int64(1), np.int64(1), np.int64(1), np.int64(1))",0,-5.0,0
283,746,"(np.int64(1), np.int64(1), np.int64(1), np.int64(1), np.int64(1), np.int64(1), np.int64(1), np.int64(1), np.int64(1), np.int64(1), np.int64(1), np.int64(1))",0,-5.0,0
283,747,"(np.int64(1), np.int64(1), np.int64(1), np.int64(1), np.int64(1), np.int64(1), np.int64(1), np.int64(1), np.int64(1), np.int64(1), np.int64(1), np.int64(1))",0,-5.0,0
283,748,"(np.int64(1), np.int64(1), np.int64(1), np.int64(1), np.int64(1), np.int64(1), np.int64(1), np.int64(1), np.int64(1), np.int64(1), np.int64(1), np.int64(1))",0,-5.0,0
283,749,"(np.int64(1), np.int64(1), np.int64(1), np.int64(1), np.int64(1), np.int64(1), np.int64(1), np.int64(1), np.int64(1), np.int64(1), np.int64(1), np.int64(1))",0,-5.0,0
283,750,"(np.int64(1), np.int64(1), np.int64(1), np.int64(1), np.int64(1), np.int64(1), np.int64(1), np.int64(1), np.int64(1), np.int64(1), np.int64(1), np.int64(1))",0,-5.0,0
283,751,"(np.int64(1), np.int64(1), np.int64(1), np.int64(1), np.int64(1), np.int64(1), np.int64(1), np.int64(1), np.int64(1), np.int64(1), np.int64(1), np.int64(1))",0,-5.0,0
283,752,"(np.int64(1), np.int64(1), np.int64(1), np.int64(1), np.int64(1), np.int64(1), np.int64(1), np.int64(1), np.int64(1), np.int64(1), np.int64(1), np.int64(1))",0,-5.0,0
283,753,"(np.int64(1), np.int64(1), np.int64(1), np.int64(1), np.int64(1), np.int64(1), np.int64(1), np.int64(1), np.int64(1), np.int64(1), np.int64(1), np.int64(1))",0,-5.0,0
283,754,"(np.int64(1), np.int64(1), np.int64(1), np.int64(1), np.int64(1), np.int64(1), np.int64(1), np.int64(1), np.int64(1), np.int64(1), np.int64(1), np.int64(1))",0,-5.0,0
283,755,"(np.int64(1), np.int64(1), np.int64(1), np.int64(1), np.int64(1), np.int64(1), np.int64(1), np.int64(1), np.int64(1), np.int64(1), np.int64(1), np.int64(1))",0,-5.0,0
283,756,"(np.int64(1), np.int64(1), np.int64(1), np.int64(1), np.int64(1), np.int64(1), np.int64(1), np.int64(1), np.int64(1), np.int64(1), np.int64(1), np.int64(1))",2,-5.0,2
283,757,"(np.int64(1), np.int64(1), np.int64(1), np.int64(1), np.int64(1), np.int64(1), np.int64(1), np.int64(1), np.int64(1), np.int64(1), np.int64(1), np.int64(1))",0,-0.0,0
283,758,"(np.int64(1), np.int64(1), np.int64(1), np.int64(1), np.int64(1), np.int64(1), np.int64(1), np.int64(1), np.int64(1), np.int64(1), np.int64(1), np.int64(1))",0,-5.0,0
283,759,"(np.int64(1), np.int64(1), np.int64(1), np.int64(1), np.int64(1), np.int64(1), np.int64(1), np.int64(1), np.int64(1), np.int64(1), np.int64(1), np.int64(1))",0,-5.0,0
283,760,"(np.int64(1), np.int64(1), np.int64(1), np.int64(1), np.int64(1), np.int64(1), np.int64(1), np.int64(1), np.int64(1), np.int64(1), np.int64(1), np.int64(1))",0,-5.0,0
283,761,"(np.int64(1), np.int64(1), np.int64(1), np.int64(1), np.int64(1), np.int64(1), np.int64(1), np.int64(1), np.int64(1), np.int64(1), np.int64(1), np.int64(1))",0,-5.0,0
283,762,"(np.int64(1), np.int64(1), np.int64(1), np.int64(1), np.int64(1), np.int64(1), np.int64(1), np.int64(1), np.int64(1), np.int64(1), np.int64(1), np.int64(1))",0,-10.0,0
283,763,"(np.int64(1), np.int64(1), np.int64(1), np.int64(1), np.int64(1), np.int64(1), np.int64(1), np.int64(1), np.int64(1), np.int64(1), np.int64(1), np.int64(1))",0,-20.0,0
283,764,"(np.int64(1), np.int64(1), np.int64(1), np.int64(1), np.int64(1), np.int64(1), np.int64(1), np.int64(1), np.int64(1), np.int64(1), np.int64(1), np.int64(1))",0,-30.0,0
283,765,"(np.int64(1), np.int64(1), np.int64(1), np.int64(1), np.int64(1), np.int64(1), np.int64(1), np.int64(1), np.int64(1), np.int64(1), np.int64(1), np.int64(1))",0,-40.0,0
283,766,"(np.int64(1), np.int64(1), np.int64(1), np.int64(1), np.int64(1), np.int64(1), np.int64(1), np.int64(1), np.int64(1), np.int64(1), np.int64(1), np.int64(1))",0,-50.0,0
283,767,"(np.int64(1), np.int64(1), np.int64(1), np.int64(1), np.int64(1), np.int64(1), np.int64(1), np.int64(1), np.int64(1), np.int64(1), np.int64(1), np.int64(1))",0,-60.0,0
283,768,"(np.int64(1), np.int64(1), np.int64(1), np.int64(1), np.int64(1), np.int64(1), np.int64(1), np.int64(1), np.int64(1), np.int64(1), np.int64(1), np.int64(1))",0,-70.0,0
283,769,"(np.int64(1), np.int64(1), np.int64(1), np.int64(1), np.int64(1), np.int64(1), np.int64(1), np.int64(1), np.int64(1), np.int64(1), np.int64(1), np.int64(1))",0,-80.0,0
283,770,"(np.int64(1), np.int64(1), np.int64(1), np.int64(1), np.int64(1), np.int64(1), np.int64(1), np.int64(1), np.int64(1), np.int64(1), np.int64(1), np.int64(1))",0,-90.0,0
283,771,"(np.int64(1), np.int64(1), np.int64(1), np.int64(1), np.int64(1), np.int64(1), np.int64(1), np.int64(1), np.int64(1), np.int64(1), np.int64(1), np.int64(1))",0,-100.0,0
283,772,"(np.int64(1), np.int64(1), np.int64(1), np.int64(1), np.int64(1), np.int64(1), np.int64(1), np.int64(1), np.int64(1), np.int64(1), np.int64(1), np.int64(1))",0,-110.0,0
283,773,"(np.int64(1), np.int64(1), np.int64(1), np.int64(1), np.int64(1), np.int64(1), np.int64(1), np.int64(1), np.int64(1), np.int64(1), np.int64(1), np.int64(1))",0,-120.0,0
283,774,"(np.int64(1), np.int64(1), np.int64(1), np.int64(1), np.int64(1), np.int64(1), np.int64(1), np.int64(1), np.int64(1), np.int64(1), np.int64(1), np.int64(1))",0,-130.0,0
283,775,"(np.int64(1), np.int64(1), np.int64(1), np.int64(1), np.int64(1), np.int64(1), np.int64(1), np.int64(1), np.int64(1), np.int64(1), np.int64(1), np.int64(1))",0,-140.0,0
283,776,"(np.int64(1), np.int64(1), np.int64(1), np.int64(1), np.int64(1), np.int64(1), np.int64(1), np.int64(1), np.int64(1), np.int64(1), np.int64(1), np.int64(1))",0,-150.0,0
283,777,"(np.int64(1), np.int64(1), np.int64(1), np.int64(1), np.int64(1), np.int64(1), np.int64(1), np.int64(1), np.int64(1), np.int64(1), np.int64(1), np.int64(1))",0,-160.0,0
283,778,"(np.int64(1), np.int64(1), np.int64(1), np.int64(1), np.int64(1), np.int64(1), np.int64(1), np.int64(1), np.int64(1), np.int64(1), np.int64(1), np.int64(1))",0,-170.0,0
283,779,"(np.int64(1), np.int64(1), np.int64(1), np.int64(1), np.int64(1), np.int64(1), np.int64(1), np.int64(1), np.int64(1), np.int64(1), np.int64(1), np.int64(1))",0,-180.0,0
283,780,"(np.int64(1), np.int64(1), np.int64(1), np.int64(1), np.int64(1), np.int64(1), np.int64(1), np.int64(1), np.int64(1), np.int64(1), np.int64(1), np.int64(1))",0,-190.0,0
283,781,"(np.int64(1), np.int64(1), np.int64(1), np.int64(1), np.int64(1), np.int64(1), np.int64(1), np.int64(1), np.int64(1), np.int64(1), np.int64(1), np.int64(1))",0,-200.0,0
283,782,"(np.int64(1), np.int64(1), np.int64(1), np.int64(1), np.int64(1), np.int64(1), np.int64(1), np.int64(1), np.int64(1), np.int64(1), np.int64(1), np.int64(1))",0,-210.0,0
283,783,"(np.int64(1), np.int64(1), np.int64(1), np.int64(1), np.int64(1), np.int64(1), np.int64(1), np.int64(1), np.int64(1), np.int64(1), np.int64(1), np.int64(1))",0,-220.0,0
283,784,"(np.int64(1), np.int64(1), np.int64(1), np.int64(1), np.int64(1), np.int64(1), np.int64(1), np.int64(1), np.int64(1), np.int64(1), np.int64(1), np.int64(1))",0,-230.0,0
283,785,"(np.int64(1), np.int64(1), np.int64(1), np.int64(1), np.int64(1), np.int64(1), np.int64(1), np.int64(1), np.int64(1), np.int64(1), np.int64(1), np.int64(1))",0,-240.0,0
283,786,"(np.int64(1), np.int64(1), np.int64(1), np.int64(1), np.int64(1), np.int64(1), np.int64(1), np.int64(1), np.int64(1), np.int64(1), np.int64(1), np.int64(1))",0,-250.0,0
283,787,"(np.int64(1), np.int64(1), np.int64(1), np.int64(1), np.int64(1), np.int64(1), np.int64(1), np.int64(1), np.int64(1), np.int64(1), np.int64(1), np.int64(1))",0,-260.0,0
283,788,"(np.int64(1), np.int64(1), np.int64(1), np.int64(1), np.int64(1), np.int64(1), np.int64(1), np.int64(1), np.int64(1), np.int64(1), np.int64(1), np.int64(1))",0,-270.0,0
283,789,"(np.int64(1), np.int64(1), np.int64(1), np.int64(1), np.int64(1), np.int64(1), np.int64(1), np.int64(1), np.int64(1), np.int64(1), np.int64(1), np.int64(1))",0,-280.0,0
283,790,"(np.int64(1), np.int64(1), np.int64(1), np.int64(1), np.int64(1), np.int64(1), np.int64(1), np.int64(1), np.int64(1), np.int64(1), np.int64(1), np.int64(1))",2,-290.0,2
283,791,"(np.int64(1), np.int64(1), np.int64(1), np.int64(1), np.int64(1), np.int64(1), np.int64(1), np.int64(1), np.int64(1), np.int64(1), np.int64(1), np.int64(1))",0,-300.0,0
283,792,"(np.int64(1), np.int64(1), np.int64(1), np.int64(1), np.int64(1), np.int64(1), np.int64(1), np.int64(1), np.int64(1), np.int64(1), np.int64(1), np.int64(1))",2,-9.0,2
283,793,"(np.int64(1), np.int64(1), np.int64(1), np.int64(1), np.int64(1), np.int64(1), np.int64(1), np.int64(1), np.int64(1), np.int64(1), np.int64(1), np.int64(1))",2,-19.0,2
283,794,"(np.int64(1), np.int64(1), np.int64(1), np.int64(1), np.int64(1), np.int64(1), np.int64(1), np.int64(1), np.int64(1), np.int64(1), np.int64(1), np.int64(1))",2,-29.0,2
283,795,"(np.int64(1), np.int64(1), np.int64(1), np.int64(1), np.int64(1), np.int64(1), np.int64(1), np.int64(1), np.int64(1), np.int64(1), np.int64(1), np.int64(1))",2,-39.0,2
283,796,"(np.int64(1), np.int64(1), np.int64(1), np.int64(1), np.int64(1), np.int64(1), np.int64(1), np.int64(1), np.int64(1), np.int64(1), np.int64(1), np.int64(1))",2,-44.0,2
283,797,"(np.int64(1), np.int64(1), np.int64(1), np.int64(1), np.int64(1), np.int64(1), np.int64(1), np.int64(1), np.int64(1), np.int64(1), np.int64(1), np.int64(1))",2,-59.0,2
283,798,"(np.int64(1), np.int64(1), np.int64(1), np.int64(1), np.int64(1), np.int64(1), np.int64(1), np.int64(1), np.int64(1), np.int64(1), np.int64(1), np.int64(1))",2,-69.0,2
283,799,"(np.int64(1), np.int64(1), np.int64(1), np.int64(1), np.int64(1), np.int64(1), np.int64(1), np.int64(1), np.int64(1), np.int64(1), np.int64(1), np.int64(1))",2,-79.0,2
283,800,"(np.int64(1), np.int64(1), np.int64(1), np.int64(1), np.int64(1), np.int64(1), np.int64(1), np.int64(1), np.int64(1), np.int64(1), np.int64(1), np.int64(1))",2,-89.0,2
283,801,"(np.int64(1), np.int64(1), np.int64(1), np.int64(1), np.int64(1), np.int64(1), np.int64(1), np.int64(1), np.int64(1), np.int64(1), np.int64(1), np.int64(1))",2,-94.0,2
283,802,"(np.int64(1), np.int64(1), np.int64(1), np.int64(1), np.int64(1), np.int64(1), np.int64(1), np.int64(1), np.int64(1), np.int64(1), np.int64(1), np.int64(1))",2,-109.0,2
283,803,"(np.int64(1), np.int64(1), np.int64(1), np.int64(1), np.int64(1), np.int64(1), np.int64(1), np.int64(1), np.int64(1), np.int64(1), np.int64(1), np.int64(1))",2,-119.0,2
283,804,"(np.int64(1), np.int64(1), np.int64(1), np.int64(1), np.int64(1), np.int64(1), np.int64(1), np.int64(1), np.int64(1), np.int64(1), np.int64(1), np.int64(1))",2,-129.0,2
283,805,"(np.int64(1), np.int64(1), np.int64(1), np.int64(1), np.int64(1), np.int64(1), np.int64(1), np.int64(1), np.int64(1), np.int64(1), np.int64(1), np.int64(1))",2,-139.0,2
283,806,"(np.int64(1), np.int64(1), np.int64(1), np.int64(1), np.int64(1), np.int64(1), np.int64(1), np.int64(1), np.int64(1), np.int64(1), np.int64(1), np.int64(1))",2,-144.0,2
283,807,"(np.int64(1), np.int64(1), np.int64(1), np.int64(1), np.int64(1), np.int64(1), np.int64(1), np.int64(1), np.int64(1), np.int64(1), np.int64(1), np.int64(1))",2,-159.0,2
283,808,"(np.int64(1), np.int64(1), np.int64(1), np.int64(1), np.int64(1), np.int64(1), np.int64(1), np.int64(1), np.int64(1), np.int64(1), np.int64(1), np.int64(1))",2,-169.0,2
283,809,"(np.int64(1), np.int64(1), np.int64(1), np.int64(1), np.int64(1), np.int64(1), np.int64(1), np.int64(1), np.int64(1), np.int64(1), np.int64(1), np.int64(1))",2,-179.0,2
283,810,"(np.int64(1), np.int64(1), np.int64(1), np.int64(1), np.int64(1), np.int64(1), np.int64(1), np.int64(1), np.int64(1), np.int64(1), np.int64(1), np.int64(1))",0,-0.0,0
283,811,"(np.int64(1), np.int64(1), np.int64(1), np.int64(1), np.int64(1), np.int64(1), np.int64(1), np.int64(1), np.int64(1), np.int64(1), np.int64(1), np.int64(1))",0,-5.0,0
283,812,"(np.int64(1), np.int64(1), np.int64(1), np.int64(1), np.int64(1), np.int64(1), np.int64(1), np.int64(1), np.int64(1), np.int64(1), np.int64(1), np.int64(1))",0,-5.0,0
283,813,"(np.int64(1), np.int64(1), np.int64(1), np.int64(1), np.int64(1), np.int64(1), np.int64(1), np.int64(1), np.int64(1), np.int64(1), np.int64(1), np.int64(1))",0,-5.0,0
283,814,"(np.int64(1), np.int64(1), np.int64(1), np.int64(1), np.int64(1), np.int64(1), np.int64(1), np.int64(1), np.int64(1), np.int64(1), np.int64(1), np.int64(1))",0,-5.0,0
283,815,"(np.int64(1), np.int64(1), np.int64(1), np.int64(1), np.int64(1), np.int64(1), np.int64(1), np.int64(1), np.int64(1), np.int64(1), np.int64(1), np.int64(1))",0,-5.0,0
283,816,"(np.int64(1), np.int64(1), np.int64(1), np.int64(1), np.int64(1), np.int64(1), np.int64(1), np.int64(1), np.int64(1), np.int64(1), np.int64(1), np.int64(1))",0,-5.0,0
283,817,"(np.int64(1), np.int64(1), np.int64(1), np.int64(1), np.int64(1), np.int64(1), np.int64(1), np.int64(1), np.int64(1), np.int64(1), np.int64(1), np.int64(1))",0,-5.0,0
283,818,"(np.int64(1), np.int64(1), np.int64(1), np.int64(1), np.int64(1), np.int64(1), np.int64(1), np.int64(1), np.int64(1), np.int64(1), np.int64(1), np.int64(1))",0,-5.0,0
283,819,"(np.int64(1), np.int64(1), np.int64(1), np.int64(1), np.int64(1), np.int64(1), np.int64(1), np.int64(1), np.int64(1), np.int64(1), np.int64(1), np.int64(1))",0,-5.0,0
283,820,"(np.int64(1), np.int64(1), np.int64(1), np.int64(1), np.int64(1), np.int64(1), np.int64(1), np.int64(1), np.int64(1), np.int64(1), np.int64(1), np.int64(1))",0,-5.0,0
283,821,"(np.int64(1), np.int64(1), np.int64(1), np.int64(1), np.int64(1), np.int64(1), np.int64(1), np.int64(1), np.int64(1), np.int64(1), np.int64(1), np.int64(1))",0,-5.0,0
283,822,"(np.int64(1), np.int64(1), np.int64(1), np.int64(1), np.int64(1), np.int64(1), np.int64(1), np.int64(1), np.int64(1), np.int64(1), np.int64(1), np.int64(1))",0,-5.0,0
283,823,"(np.int64(1), np.int64(1), np.int64(1), np.int64(1), np.int64(1), np.int64(1), np.int64(1), np.int64(1), np.int64(1), np.int64(1), np.int64(1), np.int64(1))",0,-14.0,0
283,824,"(np.int64(1), np.int64(1), np.int64(1), np.int64(1), np.int64(1), np.int64(1), np.int64(1), np.int64(1), np.int64(1), np.int64(1), np.int64(1), np.int64(1))",0,-24.0,0
283,825,"(np.int64(1), np.int64(1), np.int64(1), np.int64(1), np.int64(1), np.int64(1), np.int64(1), np.int64(1), np.int64(1), np.int64(1), np.int64(1), np.int64(1))",0,-34.0,0
283,826,"(np.int64(1), np.int64(1), np.int64(1), np.int64(1), np.int64(1), np.int64(1), np.int64(1), np.int64(1), np.int64(1), np.int64(1), np.int64(1), np.int64(1))",0,-44.0,0
283,827,"(np.int64(1), np.int64(1), np.int64(1), np.int64(1), np.int64(1), np.int64(1), np.int64(1), np.int64(1), np.int64(1), np.int64(1), np.int64(1), np.int64(1))",0,-54.0,0
283,828,"(np.int64(1), np.int64(1), np.int64(1), np.int64(1), np.int64(1), np.int64(1), np.int64(1), np.int64(1), np.int64(1), np.int64(1), np.int64(1), np.int64(1))",0,-64.0,0
283,829,"(np.int64(1), np.int64(1), np.int64(1), np.int64(1), np.int64(1), np.int64(1), np.int64(1), np.int64(1), np.int64(1), np.int64(1), np.int64(1), np.int64(1))",0,-74.0,0
283,830,"(np.int64(1), np.int64(1), np.int64(1), np.int64(1), np.int64(1), np.int64(1), np.int64(1), np.int64(1), np.int64(1), np.int64(1), np.int64(1), np.int64(1))",0,-84.0,0
283,831,"(np.int64(1), np.int64(1), np.int64(1), np.int64(1), np.int64(1), np.int64(1), np.int64(1), np.int64(1), np.int64(1), np.int64(1), np.int64(1), np.int64(1))",0,-94.0,0
283,832,"(np.int64(1), np.int64(1), np.int64(1), np.int64(1), np.int64(1), np.int64(1), np.int64(1), np.int64(1), np.int64(1), np.int64(1), np.int64(1), np.int64(1))",0,-104.0,0
283,833,"(np.int64(1), np.int64(1), np.int64(1), np.int64(1), np.int64(1), np.int64(1), np.int64(1), np.int64(1), np.int64(1), np.int64(1), np.int64(1), np.int64(1))",0,-114.0,0
283,834,"(np.int64(1), np.int64(1), np.int64(1), np.int64(1), np.int64(1), np.int64(1), np.int64(1), np.int64(1), np.int64(1), np.int64(1), np.int64(1), np.int64(1))",0,-124.0,0
283,835,"(np.int64(1), np.int64(1), np.int64(1), np.int64(1), np.int64(1), np.int64(1), np.int64(1), np.int64(1), np.int64(1), np.int64(1), np.int64(1), np.int64(1))",0,-134.0,0
283,836,"(np.int64(1), np.int64(1), np.int64(1), np.int64(1), np.int64(1), np.int64(1), np.int64(1), np.int64(1), np.int64(1), np.int64(1), np.int64(1), np.int64(1))",0,-144.0,0
283,837,"(np.int64(1), np.int64(1), np.int64(1), np.int64(1), np.int64(1), np.int64(1), np.int64(1), np.int64(1), np.int64(1), np.int64(1), np.int64(1), np.int64(1))",0,-154.0,0
283,838,"(np.int64(1), np.int64(1), np.int64(1), np.int64(1), np.int64(1), np.int64(1), np.int64(1), np.int64(1), np.int64(1), np.int64(1), np.int64(1), np.int64(1))",0,-164.0,0
283,839,"(np.int64(1), np.int64(1), np.int64(1), np.int64(1), np.int64(1), np.int64(1), np.int64(1), np.int64(1), np.int64(1), np.int64(1), np.int64(1), np.int64(1))",0,-174.0,0
283,840,"(np.int64(1), np.int64(1), np.int64(1), np.int64(1), np.int64(1), np.int64(1), np.int64(1), np.int64(1), np.int64(1), np.int64(1), np.int64(1), np.int64(1))",0,-184.0,0
283,841,"(np.int64(1), np.int64(1), np.int64(1), np.int64(1), np.int64(1), np.int64(1), np.int64(1), np.int64(1), np.int64(1), np.int64(1), np.int64(1), np.int64(1))",0,-194.0,0
283,842,"(np.int64(1), np.int64(1), np.int64(1), np.int64(1), np.int64(1), np.int64(1), np.int64(1), np.int64(1), np.int64(1), np.int64(1), np.int64(1), np.int64(1))",0,-204.0,0
283,843,"(np.int64(1), np.int64(1), np.int64(1), np.int64(1), np.int64(1), np.int64(1), np.int64(1), np.int64(1), np.int64(1), np.int64(1), np.int64(1), np.int64(1))",0,-214.0,0
283,844,"(np.int64(1), np.int64(1), np.int64(1), np.int64(1), np.int64(1), np.int64(1), np.int64(1), np.int64(1), np.int64(1), np.int64(1), np.int64(1), np.int64(1))",0,-224.0,0
283,845,"(np.int64(1), np.int64(1), np.int64(1), np.int64(1), np.int64(1), np.int64(1), np.int64(1), np.int64(1), np.int64(1), np.int64(1), np.int64(1), np.int64(1))",0,-234.0,0
283,846,"(np.int64(1), np.int64(1), np.int64(1), np.int64(1), np.int64(1), np.int64(1), np.int64(1), np.int64(1), np.int64(1), np.int64(1), np.int64(1), np.int64(1))",0,-244.0,0
283,847,"(np.int64(1), np.int64(1), np.int64(1), np.int64(1), np.int64(1), np.int64(1), np.int64(1), np.int64(1), np.int64(1), np.int64(1), np.int64(1), np.int64(1))",2,-254.0,2
283,848,"(np.int64(1), np.int64(1), np.int64(1), np.int64(1), np.int64(1), np.int64(1), np.int64(1), np.int64(1), np.int64(1), np.int64(1), np.int64(1), np.int64(1))",0,-264.0,0
283,849,"(np.int64(1), np.int64(1), np.int64(1), np.int64(1), np.int64(1), np.int64(1), np.int64(1), np.int64(1), np.int64(1), np.int64(1), np.int64(1), np.int64(1))",2,-274.0,2
283,850,"(np.int64(1), np.int64(1), np.int64(1), np.int64(1), np.int64(1), np.int64(1), np.int64(1), np.int64(1), np.int64(1), np.int64(1), np.int64(1), np.int64(1))",0,-284.0,0
283,851,"(np.int64(1), np.int64(1), np.int64(1), np.int64(1), np.int64(1), np.int64(1), np.int64(1), np.int64(1), np.int64(1), np.int64(1), np.int64(1), np.int64(1))",2,-294.0,2
283,852,"(np.int64(1), np.int64(1), np.int64(1), np.int64(1), np.int64(1), np.int64(1), np.int64(1), np.int64(1), np.int64(1), np.int64(1), np.int64(1), np.int64(1))",0,-304.0,0
283,853,"(np.int64(1), np.int64(1), np.int64(1), np.int64(1), np.int64(1), np.int64(1), np.int64(1), np.int64(1), np.int64(1), np.int64(1), np.int64(1), np.int64(1))",2,-5.0,2
283,854,"(np.int64(1), np.int64(1), np.int64(1), np.int64(1), np.int64(1), np.int64(1), np.int64(1), np.int64(1), np.int64(1), np.int64(1), np.int64(1), np.int64(1))",2,-5.0,2
283,855,"(np.int64(1), np.int64(1), np.int64(1), np.int64(1), np.int64(1), np.int64(1), np.int64(1), np.int64(1), np.int64(1), np.int64(1), np.int64(1), np.int64(1))",2,-5.0,2
283,856,"(np.int64(1), np.int64(1), np.int64(1), np.int64(1), np.int64(1), np.int64(1), np.int64(1), np.int64(1), np.int64(1), np.int64(1), np.int64(1), np.int64(1))",2,-5.0,2
283,857,"(np.int64(1), np.int64(1), np.int64(1), np.int64(1), np.int64(1), np.int64(1), np.int64(1), np.int64(1), np.int64(1), np.int64(1), np.int64(1), np.int64(1))",2,-0.0,2
283,858,"(np.int64(1), np.int64(1), np.int64(1), np.int64(1), np.int64(1), np.int64(1), np.int64(1), np.int64(1), np.int64(1), np.int64(1), np.int64(1), np.int64(1))",2,-5.0,2
283,859,"(np.int64(1), np.int64(1), np.int64(1), np.int64(1), np.int64(1), np.int64(1), np.int64(1), np.int64(1), np.int64(1), np.int64(1), np.int64(1), np.int64(1))",2,-5.0,2
283,860,"(np.int64(1), np.int64(1), np.int64(1), np.int64(1), np.int64(1), np.int64(1), np.int64(1), np.int64(1), np.int64(1), np.int64(1), np.int64(1), np.int64(1))",2,-5.0,2
283,861,"(np.int64(1), np.int64(1), np.int64(1), np.int64(1), np.int64(1), np.int64(1), np.int64(1), np.int64(1), np.int64(1), np.int64(1), np.int64(1), np.int64(1))",2,-5.0,2
283,862,"(np.int64(1), np.int64(1), np.int64(1), np.int64(1), np.int64(1), np.int64(1), np.int64(1), np.int64(1), np.int64(1), np.int64(1), np.int64(1), np.int64(1))",2,-0.0,2
283,863,"(np.int64(1), np.int64(1), np.int64(1), np.int64(1), np.int64(1), np.int64(1), np.int64(1), np.int64(1), np.int64(1), np.int64(1), np.int64(1), np.int64(1))",2,-5.0,2
283,864,"(np.int64(1), np.int64(1), np.int64(1), np.int64(1), np.int64(1), np.int64(1), np.int64(1), np.int64(1), np.int64(1), np.int64(1), np.int64(1), np.int64(1))",2,-5.0,2
283,865,"(np.int64(1), np.int64(1), np.int64(1), np.int64(1), np.int64(1), np.int64(1), np.int64(1), np.int64(1), np.int64(1), np.int64(1), np.int64(1), np.int64(1))",2,-5.0,2
283,866,"(np.int64(1), np.int64(1), np.int64(1), np.int64(1), np.int64(1), np.int64(1), np.int64(1), np.int64(1), np.int64(1), np.int64(1), np.int64(1), np.int64(1))",2,-5.0,2
283,867,"(np.int64(1), np.int64(1), np.int64(1), np.int64(1), np.int64(1), np.int64(1), np.int64(1), np.int64(1), np.int64(1), np.int64(1), np.int64(1), np.int64(1))",2,-0.0,2
283,868,"(np.int64(1), np.int64(1), np.int64(1), np.int64(1), np.int64(1), np.int64(1), np.int64(1), np.int64(1), np.int64(1), np.int64(1), np.int64(1), np.int64(1))",2,-5.0,2
283,869,"(np.int64(1), np.int64(1), np.int64(1), np.int64(1), np.int64(1), np.int64(1), np.int64(1), np.int64(1), np.int64(1), np.int64(1), np.int64(1), np.int64(1))",0,-5.0,0
283,870,"(np.int64(1), np.int64(1), np.int64(1), np.int64(1), np.int64(1), np.int64(1), np.int64(1), np.int64(1), np.int64(1), np.int64(1), np.int64(1), np.int64(1))",0,-5.0,0
283,871,"(np.int64(1), np.int64(1), np.int64(1), np.int64(1), np.int64(1), np.int64(1), np.int64(1), np.int64(1), np.int64(1), np.int64(1), np.int64(1), np.int64(1))",2,-5.0,2
283,872,"(np.int64(1), np.int64(1), np.int64(1), np.int64(1), np.int64(1), np.int64(1), np.int64(1), np.int64(1), np.int64(1), np.int64(1), np.int64(1), np.int64(1))",2,-0.0,2
283,873,"(np.int64(1), np.int64(1), np.int64(1), np.int64(1), np.int64(1), np.int64(1), np.int64(1), np.int64(1), np.int64(1), np.int64(1), np.int64(1), np.int64(1))",2,-5.0,2
283,874,"(np.int64(1), np.int64(1), np.int64(1), np.int64(1), np.int64(1), np.int64(1), np.int64(1), np.int64(1), np.int64(1), np.int64(1), np.int64(1), np.int64(1))",2,-5.0,2
283,875,"(np.int64(1), np.int64(1), np.int64(1), np.int64(1), np.int64(1), np.int64(1), np.int64(1), np.int64(1), np.int64(1), np.int64(1), np.int64(1), np.int64(1))",2,-5.0,2
283,876,"(np.int64(1), np.int64(1), np.int64(1), np.int64(1), np.int64(1), np.int64(1), np.int64(1), np.int64(1), np.int64(1), np.int64(1), np.int64(1), np.int64(1))",2,-5.0,2
283,877,"(np.int64(1), np.int64(1), np.int64(1), np.int64(1), np.int64(1), np.int64(1), np.int64(1), np.int64(1), np.int64(1), np.int64(1), np.int64(1), np.int64(1))",2,-0.0,2
283,878,"(np.int64(1), np.int64(1), np.int64(1), np.int64(1), np.int64(1), np.int64(1), np.int64(1), np.int64(1), np.int64(1), np.int64(1), np.int64(1), np.int64(1))",2,-5.0,2
283,879,"(np.int64(1), np.int64(1), np.int64(1), np.int64(1), np.int64(1), np.int64(1), np.int64(1), np.int64(1), np.int64(1), np.int64(1), np.int64(1), np.int64(1))",2,-5.0,2
283,880,"(np.int64(1), np.int64(1), np.int64(1), np.int64(1), np.int64(1), np.int64(1), np.int64(1), np.int64(1), np.int64(1), np.int64(1), np.int64(1), np.int64(1))",2,-5.0,2
283,881,"(np.int64(1), np.int64(1), np.int64(1), np.int64(1), np.int64(1), np.int64(1), np.int64(1), np.int64(1), np.int64(1), np.int64(1), np.int64(1), np.int64(1))",0,-0.0,0
283,882,"(np.int64(1), np.int64(1), np.int64(1), np.int64(1), np.int64(1), np.int64(1), np.int64(1), np.int64(1), np.int64(1), np.int64(1), np.int64(1), np.int64(1))",2,-5.0,2
283,883,"(np.int64(1), np.int64(1), np.int64(1), np.int64(1), np.int64(1), np.int64(1), np.int64(1), np.int64(1), np.int64(1), np.int64(1), np.int64(1), np.int64(1))",2,-10.0,2
283,884,"(np.int64(1), np.int64(1), np.int64(1), np.int64(1), np.int64(1), np.int64(1), np.int64(1), np.int64(1), np.int64(1), np.int64(1), np.int64(1), np.int64(1))",2,-15.0,2
283,885,"(np.int64(1), np.int64(1), np.int64(1), np.int64(1), np.int64(1), np.int64(1), np.int64(1), np.int64(1), np.int64(1), np.int64(1), np.int64(1), np.int64(1))",0,-25.0,0
283,886,"(np.int64(1), np.int64(1), np.int64(1), np.int64(1), np.int64(1), np.int64(1), np.int64(1), np.int64(1), np.int64(1), np.int64(1), np.int64(1), np.int64(1))",2,-40.0,2
283,887,"(np.int64(1), np.int64(1), np.int64(1), np.int64(1), np.int64(1), np.int64(1), np.int64(1), np.int64(1), np.int64(1), np.int64(1), np.int64(1), np.int64(1))",2,-50.0,2
283,888,"(np.int64(1), np.int64(1), np.int64(1), np.int64(1), np.int64(1), np.int64(1), np.int64(1), np.int64(1), np.int64(1), np.int64(1), np.int64(1), np.int64(1))",2,-60.0,2
283,889,"(np.int64(1), np.int64(1), np.int64(1), np.int64(1), np.int64(1), np.int64(1), np.int64(1), np.int64(1), np.int64(1), np.int64(1), np.int64(1), np.int64(1))",2,-70.0,2
283,890,"(np.int64(1), np.int64(1), np.int64(1), np.int64(1), np.int64(1), np.int64(1), np.int64(1), np.int64(1), np.int64(1), np.int64(1), np.int64(1), np.int64(1))",2,-80.0,2
283,891,"(np.int64(1), np.int64(1), np.int64(1), np.int64(1), np.int64(1), np.int64(1), np.int64(1), np.int64(1), np.int64(1), np.int64(1), np.int64(1), np.int64(1))",2,-90.0,2
283,892,"(np.int64(1), np.int64(1), np.int64(1), np.int64(1), np.int64(1), np.int64(1), np.int64(1), np.int64(1), np.int64(1), np.int64(1), np.int64(1), np.int64(1))",2,-95.0,2
283,893,"(np.int64(1), np.int64(1), np.int64(1), np.int64(1), np.int64(1), np.int64(1), np.int64(1), np.int64(1), np.int64(1), np.int64(1), np.int64(1), np.int64(1))",2,-110.0,2
283,894,"(np.int64(1), np.int64(1), np.int64(1), np.int64(1), np.int64(1), np.int64(1), np.int64(1), np.int64(1), np.int64(1), np.int64(1), np.int64(1), np.int64(1))",0,-120.0,0
283,895,"(np.int64(1), np.int64(1), np.int64(1), np.int64(1), np.int64(1), np.int64(1), np.int64(1), np.int64(1), np.int64(1), np.int64(1), np.int64(1), np.int64(1))",2,-130.0,2
283,896,"(np.int64(1), np.int64(1), np.int64(1), np.int64(1), np.int64(1), np.int64(1), np.int64(1), np.int64(1), np.int64(1), np.int64(1), np.int64(1), np.int64(1))",2,-140.0,2
283,897,"(np.int64(1), np.int64(1), np.int64(1), np.int64(1), np.int64(1), np.int64(1), np.int64(1), np.int64(1), np.int64(1), np.int64(1), np.int64(1), np.int64(1))",2,-145.0,2
283,898,"(np.int64(1), np.int64(1), np.int64(1), np.int64(1), np.int64(1), np.int64(1), np.int64(1), np.int64(1), np.int64(1), np.int64(1), np.int64(1), np.int64(1))",2,-160.0,2
283,899,"(np.int64(1), np.int64(1), np.int64(1), np.int64(1), np.int64(1), np.int64(1), np.int64(1), np.int64(1), np.int64(1), np.int64(1), np.int64(1), np.int64(1))",0,-170.0,0
283,900,"(np.int64(1), np.int64(1), np.int64(1), np.int64(1), np.int64(1), np.int64(1), np.int64(1), np.int64(1), np.int64(1), np.int64(1), np.int64(1), np.int64(1))",2,-180.0,2
283,901,"(np.int64(1), np.int64(1), np.int64(1), np.int64(1), np.int64(1), np.int64(1), np.int64(1), np.int64(1), np.int64(1), np.int64(1), np.int64(1), np.int64(1))",2,-190.0,2
283,902,"(np.int64(1), np.int64(1), np.int64(1), np.int64(1), np.int64(1), np.int64(1), np.int64(1), np.int64(1), np.int64(1), np.int64(1), np.int64(1), np.int64(1))",2,-195.0,2
283,903,"(np.int64(1), np.int64(1), np.int64(1), np.int64(1), np.int64(1), np.int64(1), np.int64(1), np.int64(1), np.int64(1), np.int64(1), np.int64(1), np.int64(1))",2,-210.0,2
283,904,"(np.int64(1), np.int64(1), np.int64(1), np.int64(1), np.int64(1), np.int64(1), np.int64(1), np.int64(1), np.int64(1), np.int64(1), np.int64(1), np.int64(1))",2,-220.0,2
283,905,"(np.int64(1), np.int64(1), np.int64(1), np.int64(1), np.int64(1), np.int64(1), np.int64(1), np.int64(1), np.int64(1), np.int64(1), np.int64(1), np.int64(1))",2,-230.0,2
283,906,"(np.int64(1), np.int64(1), np.int64(1), np.int64(1), np.int64(1), np.int64(1), np.int64(1), np.int64(1), np.int64(1), np.int64(1), np.int64(1), np.int64(1))",2,-240.0,2
283,907,"(np.int64(1), np.int64(1), np.int64(1), np.int64(1), np.int64(1), np.int64(1), np.int64(1), np.int64(1), np.int64(1), np.int64(1), np.int64(1), np.int64(1))",2,-245.0,2
283,908,"(np.int64(1), np.int64(1), np.int64(1), np.int64(1), np.int64(1), np.int64(1), np.int64(1), np.int64(1), np.int64(1), np.int64(1), np.int64(1), np.int64(1))",2,-260.0,2
283,909,"(np.int64(1), np.int64(1), np.int64(1), np.int64(1), np.int64(1), np.int64(1), np.int64(1), np.int64(1), np.int64(1), np.int64(1), np.int64(1), np.int64(1))",0,-270.0,0
283,910,"(np.int64(1), np.int64(1), np.int64(1), np.int64(1), np.int64(1), np.int64(1), np.int64(1), np.int64(1), np.int64(1), np.int64(1), np.int64(1), np.int64(1))",2,-280.0,2
283,911,"(np.int64(1), np.int64(1), np.int64(1), np.int64(1), np.int64(1), np.int64(1), np.int64(1), np.int64(1), np.int64(1), np.int64(1), np.int64(1), np.int64(1))",0,-285.0,0
283,912,"(np.int64(1), np.int64(1), np.int64(1), np.int64(1), np.int64(1), np.int64(1), np.int64(1), np.int64(1), np.int64(1), np.int64(1), np.int64(1), np.int64(1))",2,-300.0,2
283,913,"(np.int64(1), np.int64(1), np.int64(1), np.int64(1), np.int64(1), np.int64(1), np.int64(1), np.int64(1), np.int64(1), np.int64(1), np.int64(1), np.int64(1))",0,-0.0,0
283,914,"(np.int64(1), np.int64(1), np.int64(1), np.int64(1), np.int64(1), np.int64(1), np.int64(1), np.int64(1), np.int64(1), np.int64(1), np.int64(1), np.int64(1))",0,-5.0,0
283,915,"(np.int64(1), np.int64(1), np.int64(1), np.int64(1), np.int64(1), np.int64(1), np.int64(1), np.int64(1), np.int64(1), np.int64(1), np.int64(1), np.int64(1))",0,-5.0,0
283,916,"(np.int64(1), np.int64(1), np.int64(1), np.int64(1), np.int64(1), np.int64(1), np.int64(1), np.int64(1), np.int64(1), np.int64(1), np.int64(1), np.int64(1))",0,-5.0,0
283,917,"(np.int64(1), np.int64(1), np.int64(1), np.int64(1), np.int64(1), np.int64(1), np.int64(1), np.int64(1), np.int64(1), np.int64(1), np.int64(1), np.int64(1))",0,-5.0,0
283,918,"(np.int64(1), np.int64(1), np.int64(1), np.int64(1), np.int64(1), np.int64(1), np.int64(1), np.int64(1), np.int64(1), np.int64(1), np.int64(1), np.int64(1))",0,-5.0,0
283,919,"(np.int64(1), np.int64(1), np.int64(1), np.int64(1), np.int64(1), np.int64(1), np.int64(1), np.int64(1), np.int64(1), np.int64(1), np.int64(1), np.int64(1))",0,-5.0,0
283,920,"(np.int64(1), np.int64(1), np.int64(1), np.int64(1), np.int64(1), np.int64(1), np.int64(1), np.int64(1), np.int64(1), np.int64(1), np.int64(1), np.int64(1))",0,-5.0,0
283,921,"(np.int64(1), np.int64(1), np.int64(1), np.int64(1), np.int64(1), np.int64(1), np.int64(1), np.int64(1), np.int64(1), np.int64(1), np.int64(1), np.int64(1))",0,-5.0,0
283,922,"(np.int64(1), np.int64(1), np.int64(1), np.int64(1), np.int64(1), np.int64(1), np.int64(1), np.int64(1), np.int64(1), np.int64(1), np.int64(1), np.int64(1))",0,-5.0,0
283,923,"(np.int64(1), np.int64(1), np.int64(1), np.int64(1), np.int64(1), np.int64(1), np.int64(1), np.int64(1), np.int64(1), np.int64(1), np.int64(1), np.int64(1))",0,-5.0,0
283,924,"(np.int64(1), np.int64(1), np.int64(1), np.int64(1), np.int64(1), np.int64(1), np.int64(1), np.int64(1), np.int64(1), np.int64(1), np.int64(1), np.int64(1))",0,-5.0,0
283,925,"(np.int64(1), np.int64(1), np.int64(1), np.int64(1), np.int64(1), np.int64(1), np.int64(1), np.int64(1), np.int64(1), np.int64(1), np.int64(1), np.int64(1))",2,-5.0,2
283,926,"(np.int64(1), np.int64(1), np.int64(1), np.int64(1), np.int64(1), np.int64(1), np.int64(1), np.int64(1), np.int64(1), np.int64(1), np.int64(1), np.int64(1))",2,-5.0,2
283,927,"(np.int64(1), np.int64(1), np.int64(1), np.int64(1), np.int64(1), np.int64(1), np.int64(1), np.int64(1), np.int64(1), np.int64(1), np.int64(1), np.int64(1))",0,-5.0,0
283,928,"(np.int64(1), np.int64(1), np.int64(1), np.int64(1), np.int64(1), np.int64(1), np.int64(1), np.int64(1), np.int64(1), np.int64(1), np.int64(1), np.int64(1))",0,-5.0,0
283,929,"(np.int64(1), np.int64(1), np.int64(1), np.int64(1), np.int64(1), np.int64(1), np.int64(1), np.int64(1), np.int64(1), np.int64(1), np.int64(1), np.int64(1))",0,-5.0,0
283,930,"(np.int64(1), np.int64(1), np.int64(1), np.int64(1), np.int64(1), np.int64(1), np.int64(1), np.int64(1), np.int64(1), np.int64(1), np.int64(1), np.int64(1))",0,-5.0,0
283,931,"(np.int64(1), np.int64(1), np.int64(1), np.int64(1), np.int64(1), np.int64(1), np.int64(1), np.int64(1), np.int64(1), np.int64(1), np.int64(1), np.int64(1))",0,-5.0,0
283,932,"(np.int64(1), np.int64(1), np.int64(1), np.int64(1), np.int64(1), np.int64(1), np.int64(1), np.int64(1), np.int64(1), np.int64(1), np.int64(1), np.int64(1))",0,-5.0,0
283,933,"(np.int64(1), np.int64(1), np.int64(1), np.int64(1), np.int64(1), np.int64(1), np.int64(1), np.int64(1), np.int64(1), np.int64(1), np.int64(1), np.int64(1))",0,-5.0,0
283,934,"(np.int64(1), np.int64(1), np.int64(1), np.int64(1), np.int64(1), np.int64(1), np.int64(1), np.int64(1), np.int64(1), np.int64(1), np.int64(1), np.int64(1))",0,-5.0,0
283,935,"(np.int64(1), np.int64(1), np.int64(1), np.int64(1), np.int64(1), np.int64(1), np.int64(1), np.int64(1), np.int64(1), np.int64(1), np.int64(1), np.int64(1))",0,-5.0,0
283,936,"(np.int64(1), np.int64(1), np.int64(1), np.int64(1), np.int64(1), np.int64(1), np.int64(1), np.int64(1), np.int64(1), np.int64(1), np.int64(1), np.int64(1))",0,-5.0,0
283,937,"(np.int64(1), np.int64(1), np.int64(1), np.int64(1), np.int64(1), np.int64(1), np.int64(1), np.int64(1), np.int64(1), np.int64(1), np.int64(1), np.int64(1))",0,-5.0,0
283,938,"(np.int64(1), np.int64(1), np.int64(1), np.int64(1), np.int64(1), np.int64(1), np.int64(1), np.int64(1), np.int64(1), np.int64(1), np.int64(1), np.int64(1))",0,-5.0,0
283,939,"(np.int64(1), np.int64(1), np.int64(1), np.int64(1), np.int64(1), np.int64(1), np.int64(1), np.int64(1), np.int64(1), np.int64(1), np.int64(1), np.int64(1))",0,-5.0,0
283,940,"(np.int64(1), np.int64(1), np.int64(1), np.int64(1), np.int64(1), np.int64(1), np.int64(1), np.int64(1), np.int64(1), np.int64(1), np.int64(1), np.int64(1))",0,-5.0,0
283,941,"(np.int64(1), np.int64(1), np.int64(1), np.int64(1), np.int64(1), np.int64(1), np.int64(1), np.int64(1), np.int64(1), np.int64(1), np.int64(1), np.int64(1))",0,-5.0,0
283,942,"(np.int64(1), np.int64(1), np.int64(1), np.int64(1), np.int64(1), np.int64(1), np.int64(1), np.int64(1), np.int64(1), np.int64(1), np.int64(1), np.int64(1))",0,-5.0,0
283,943,"(np.int64(1), np.int64(1), np.int64(1), np.int64(1), np.int64(1), np.int64(1), np.int64(1), np.int64(1), np.int64(1), np.int64(1), np.int64(1), np.int64(1))",0,-5.0,0
283,944,"(np.int64(1), np.int64(1), np.int64(1), np.int64(1), np.int64(1), np.int64(1), np.int64(1), np.int64(1), np.int64(1), np.int64(1), np.int64(1), np.int64(1))",0,-15.0,0
283,945,"(np.int64(1), np.int64(1), np.int64(1), np.int64(1), np.int64(1), np.int64(1), np.int64(1), np.int64(1), np.int64(1), np.int64(1), np.int64(1), np.int64(1))",0,-25.0,0
283,946,"(np.int64(1), np.int64(1), np.int64(1), np.int64(1), np.int64(1), np.int64(1), np.int64(1), np.int64(1), np.int64(1), np.int64(1), np.int64(1), np.int64(1))",0,-35.0,0
283,947,"(np.int64(1), np.int64(1), np.int64(1), np.int64(1), np.int64(1), np.int64(1), np.int64(1), np.int64(1), np.int64(1), np.int64(1), np.int64(1), np.int64(1))",0,-45.0,0
283,948,"(np.int64(1), np.int64(1), np.int64(1), np.int64(1), np.int64(1), np.int64(1), np.int64(1), np.int64(1), np.int64(1), np.int64(1), np.int64(1), np.int64(1))",0,-55.0,0
283,949,"(np.int64(1), np.int64(1), np.int64(1), np.int64(1), np.int64(1), np.int64(1), np.int64(1), np.int64(1), np.int64(1), np.int64(1), np.int64(1), np.int64(1))",0,-65.0,0
283,950,"(np.int64(1), np.int64(1), np.int64(1), np.int64(1), np.int64(1), np.int64(1), np.int64(1), np.int64(1), np.int64(1), np.int64(1), np.int64(1), np.int64(1))",0,-75.0,0
283,951,"(np.int64(1), np.int64(1), np.int64(1), np.int64(1), np.int64(1), np.int64(1), np.int64(1), np.int64(1), np.int64(1), np.int64(1), np.int64(1), np.int64(1))",0,-85.0,0
283,952,"(np.int64(1), np.int64(1), np.int64(1), np.int64(1), np.int64(1), np.int64(1), np.int64(1), np.int64(1), np.int64(1), np.int64(1), np.int64(1), np.int64(1))",0,-95.0,0
283,953,"(np.int64(1), np.int64(1), np.int64(1), np.int64(1), np.int64(1), np.int64(1), np.int64(1), np.int64(1), np.int64(1), np.int64(1), np.int64(1), np.int64(1))",0,-105.0,0
283,954,"(np.int64(1), np.int64(1), np.int64(1), np.int64(1), np.int64(1), np.int64(1), np.int64(1), np.int64(1), np.int64(1), np.int64(1), np.int64(1), np.int64(1))",0,-115.0,0
283,955,"(np.int64(1), np.int64(1), np.int64(1), np.int64(1), np.int64(1), np.int64(1), np.int64(1), np.int64(1), np.int64(1), np.int64(1), np.int64(1), np.int64(1))",0,-125.0,0
283,956,"(np.int64(1), np.int64(1), np.int64(1), np.int64(1), np.int64(1), np.int64(1), np.int64(1), np.int64(1), np.int64(1), np.int64(1), np.int64(1), np.int64(1))",0,-135.0,0
283,957,"(np.int64(1), np.int64(1), np.int64(1), np.int64(1), np.int64(1), np.int64(1), np.int64(1), np.int64(1), np.int64(1), np.int64(1), np.int64(1), np.int64(1))",0,-145.0,0
283,958,"(np.int64(1), np.int64(1), np.int64(1), np.int64(1), np.int64(1), np.int64(1), np.int64(1), np.int64(1), np.int64(1), np.int64(1), np.int64(1), np.int64(1))",0,-155.0,0
283,959,"(np.int64(1), np.int64(1), np.int64(1), np.int64(1), np.int64(1), np.int64(1), np.int64(1), np.int64(1), np.int64(1), np.int64(1), np.int64(1), np.int64(1))",0,-165.0,0
283,960,"(np.int64(1), np.int64(1), np.int64(1), np.int64(1), np.int64(1), np.int64(1), np.int64(1), np.int64(1), np.int64(1), np.int64(1), np.int64(1), np.int64(1))",0,-175.0,0
283,961,"(np.int64(1), np.int64(1), np.int64(1), np.int64(1), np.int64(1), np.int64(1), np.int64(1), np.int64(1), np.int64(1), np.int64(1), np.int64(1), np.int64(1))",0,-185.0,0
283,962,"(np.int64(1), np.int64(1), np.int64(1), np.int64(1), np.int64(1), np.int64(1), np.int64(1), np.int64(1), np.int64(1), np.int64(1), np.int64(1), np.int64(1))",0,-195.0,0
283,963,"(np.int64(1), np.int64(1), np.int64(1), np.int64(1), np.int64(1), np.int64(1), np.int64(1), np.int64(1), np.int64(1), np.int64(1), np.int64(1), np.int64(1))",0,-205.0,0
283,964,"(np.int64(1), np.int64(1), np.int64(1), np.int64(1), np.int64(1), np.int64(1), np.int64(1), np.int64(1), np.int64(1), np.int64(1), np.int64(1), np.int64(1))",0,-215.0,0
283,965,"(np.int64(1), np.int64(1), np.int64(1), np.int64(1), np.int64(1), np.int64(1), np.int64(1), np.int64(1), np.int64(1), np.int64(1), np.int64(1), np.int64(1))",0,-225.0,0
283,966,"(np.int64(1), np.int64(1), np.int64(1), np.int64(1), np.int64(1), np.int64(1), np.int64(1), np.int64(1), np.int64(1), np.int64(1), np.int64(1), np.int64(1))",0,-235.0,0
283,967,"(np.int64(1), np.int64(1), np.int64(1), np.int64(1), np.int64(1), np.int64(1), np.int64(1), np.int64(1), np.int64(1), np.int64(1), np.int64(1), np.int64(1))",0,-245.0,0
283,968,"(np.int64(1), np.int64(1), np.int64(1), np.int64(1), np.int64(1), np.int64(1), np.int64(1), np.int64(1), np.int64(1), np.int64(1), np.int64(1), np.int64(1))",0,-255.0,0
283,969,"(np.int64(1), np.int64(1), np.int64(1), np.int64(1), np.int64(1), np.int64(1), np.int64(1), np.int64(1), np.int64(1), np.int64(1), np.int64(1), np.int64(1))",0,-265.0,0
283,970,"(np.int64(1), np.int64(1), np.int64(1), np.int64(1), np.int64(1), np.int64(1), np.int64(1), np.int64(1), np.int64(1), np.int64(1), np.int64(1), np.int64(1))",2,-275.0,2
283,971,"(np.int64(1), np.int64(1), np.int64(1), np.int64(1), np.int64(1), np.int64(1), np.int64(1), np.int64(1), np.int64(1), np.int64(1), np.int64(1), np.int64(1))",0,-285.0,0
283,972,"(np.int64(1), np.int64(1), np.int64(1), np.int64(1), np.int64(1), np.int64(1), np.int64(1), np.int64(1), np.int64(1), np.int64(1), np.int64(1), np.int64(1))",0,-295.0,0
283,973,"(np.int64(1), np.int64(1), np.int64(1), np.int64(1), np.int64(1), np.int64(1), np.int64(1), np.int64(1), np.int64(1), np.int64(1), np.int64(1), np.int64(1))",0,-305.0,0
283,974,"(np.int64(1), np.int64(1), np.int64(1), np.int64(1), np.int64(1), np.int64(1), np.int64(1), np.int64(1), np.int64(1), np.int64(1), np.int64(1), np.int64(1))",2,-5.0,2
283,975,"(np.int64(1), np.int64(1), np.int64(1), np.int64(1), np.int64(1), np.int64(1), np.int64(1), np.int64(1), np.int64(1), np.int64(1), np.int64(1), np.int64(1))",2,-0.0,2
283,976,"(np.int64(1), np.int64(1), np.int64(1), np.int64(1), np.int64(1), np.int64(1), np.int64(1), np.int64(1), np.int64(1), np.int64(1), np.int64(1), np.int64(1))",2,-5.0,2
283,977,"(np.int64(1), np.int64(1), np.int64(1), np.int64(1), np.int64(1), np.int64(1), np.int64(1), np.int64(1), np.int64(1), np.int64(1), np.int64(1), np.int64(1))",2,-0.0,2
283,978,"(np.int64(1), np.int64(1), np.int64(1), np.int64(1), np.int64(1), np.int64(1), np.int64(1), np.int64(1), np.int64(1), np.int64(1), np.int64(1), np.int64(1))",2,-5.0,2
283,979,"(np.int64(1), np.int64(1), np.int64(1), np.int64(1), np.int64(1), np.int64(1), np.int64(1), np.int64(1), np.int64(1), np.int64(1), np.int64(1), np.int64(1))",2,-0.0,2
283,980,"(np.int64(1), np.int64(1), np.int64(1), np.int64(1), np.int64(1), np.int64(1), np.int64(1), np.int64(1), np.int64(1), np.int64(1), np.int64(1), np.int64(1))",2,-5.0,2
283,981,"(np.int64(1), np.int64(1), np.int64(1), np.int64(1), np.int64(1), np.int64(1), np.int64(1), np.int64(1), np.int64(1), np.int64(1), np.int64(1), np.int64(1))",2,-5.0,2
283,982,"(np.int64(1), np.int64(1), np.int64(1), np.int64(1), np.int64(1), np.int64(1), np.int64(1), np.int64(1), np.int64(1), np.int64(1), np.int64(1), np.int64(1))",2,-5.0,2
283,983,"(np.int64(1), np.int64(1), np.int64(1), np.int64(1), np.int64(1), np.int64(1), np.int64(1), np.int64(1), np.int64(1), np.int64(1), np.int64(1), np.int64(1))",2,-5.0,2
283,984,"(np.int64(1), np.int64(1), np.int64(1), np.int64(1), np.int64(1), np.int64(1), np.int64(1), np.int64(1), np.int64(1), np.int64(1), np.int64(1), np.int64(1))",2,-0.0,2
283,985,"(np.int64(1), np.int64(1), np.int64(1), np.int64(1), np.int64(1), np.int64(1), np.int64(1), np.int64(1), np.int64(1), np.int64(1), np.int64(1), np.int64(1))",2,-5.0,2
283,986,"(np.int64(1), np.int64(1), np.int64(1), np.int64(1), np.int64(1), np.int64(1), np.int64(1), np.int64(1), np.int64(1), np.int64(1), np.int64(1), np.int64(1))",2,-5.0,2
283,987,"(np.int64(1), np.int64(1), np.int64(1), np.int64(1), np.int64(1), np.int64(1), np.int64(1), np.int64(1), np.int64(1), np.int64(1), np.int64(1), np.int64(1))",2,-5.0,2
283,988,"(np.int64(1), np.int64(1), np.int64(1), np.int64(1), np.int64(1), np.int64(1), np.int64(1), np.int64(1), np.int64(1), np.int64(1), np.int64(1), np.int64(1))",2,-5.0,2
283,989,"(np.int64(1), np.int64(1), np.int64(1), np.int64(1), np.int64(1), np.int64(1), np.int64(1), np.int64(1), np.int64(1), np.int64(1), np.int64(1), np.int64(1))",2,-0.0,2
283,990,"(np.int64(1), np.int64(1), np.int64(1), np.int64(1), np.int64(1), np.int64(1), np.int64(1), np.int64(1), np.int64(1), np.int64(1), np.int64(1), np.int64(1))",2,-5.0,2
283,991,"(np.int64(1), np.int64(1), np.int64(1), np.int64(1), np.int64(1), np.int64(1), np.int64(1), np.int64(1), np.int64(1), np.int64(1), np.int64(1), np.int64(1))",2,-5.0,2
283,992,"(np.int64(1), np.int64(1), np.int64(1), np.int64(1), np.int64(1), np.int64(1), np.int64(1), np.int64(1), np.int64(1), np.int64(1), np.int64(1), np.int64(1))",2,-5.0,2
283,993,"(np.int64(1), np.int64(1), np.int64(1), np.int64(1), np.int64(1), np.int64(1), np.int64(1), np.int64(1), np.int64(1), np.int64(1), np.int64(1), np.int64(1))",2,-5.0,2
283,994,"(np.int64(1), np.int64(1), np.int64(1), np.int64(1), np.int64(1), np.int64(1), np.int64(1), np.int64(1), np.int64(1), np.int64(1), np.int64(1), np.int64(1))",2,-0.0,2
283,995,"(np.int64(1), np.int64(1), np.int64(1), np.int64(1), np.int64(1), np.int64(1), np.int64(1), np.int64(1), np.int64(1), np.int64(1), np.int64(1), np.int64(1))",2,-5.0,2
283,996,"(np.int64(1), np.int64(1), np.int64(1), np.int64(1), np.int64(1), np.int64(1), np.int64(1), np.int64(1), np.int64(1), np.int64(1), np.int64(1), np.int64(1))",2,-5.0,2
283,997,"(np.int64(1), np.int64(1), np.int64(1), np.int64(1), np.int64(1), np.int64(1), np.int64(1), np.int64(1), np.int64(1), np.int64(1), np.int64(1), np.int64(1))",2,-5.0,2
283,998,"(np.int64(1), np.int64(1), np.int64(1), np.int64(1), np.int64(1), np.int64(1), np.int64(1), np.int64(1), np.int64(1), np.int64(1), np.int64(1), np.int64(1))",2,-5.0,2
283,999,"(np.int64(1), np.int64(1), np.int64(1), np.int64(1), np.int64(1), np.int64(1), np.int64(1), np.int64(1), np.int64(1), np.int64(1), np.int64(1), np.int64(1))",2,-0.0,2
283,1000,"(np.int64(1), np.int64(1), np.int64(1), np.int64(1), np.int64(1), np.int64(1), np.int64(1), np.int64(1), np.int64(1), np.int64(1), np.int64(1), np.int64(1))",0,-0.0,0
283,1001,"(np.int64(1), np.int64(1), np.int64(1), np.int64(1), np.int64(1), np.int64(1), np.int64(1), np.int64(1), np.int64(1), np.int64(1), np.int64(1), np.int64(1))",2,-5.0,2
283,1002,"(np.int64(1), np.int64(1), np.int64(1), np.int64(1), np.int64(1), np.int64(1), np.int64(1), np.int64(1), np.int64(1), np.int64(1), np.int64(1), np.int64(1))",2,-5.0,2
283,1003,"(np.int64(1), np.int64(1), np.int64(1), np.int64(1), np.int64(1), np.int64(1), np.int64(1), np.int64(1), np.int64(1), np.int64(1), np.int64(1), np.int64(1))",2,-0.0,2
283,1004,"(np.int64(1), np.int64(1), np.int64(1), np.int64(1), np.int64(1), np.int64(1), np.int64(1), np.int64(1), np.int64(1), np.int64(1), np.int64(1), np.int64(1))",2,-9.0,2
283,1005,"(np.int64(1), np.int64(1), np.int64(1), np.int64(1), np.int64(1), np.int64(1), np.int64(1), np.int64(1), np.int64(1), np.int64(1), np.int64(1), np.int64(1))",2,-14.0,2
283,1006,"(np.int64(1), np.int64(1), np.int64(1), np.int64(1), np.int64(1), np.int64(1), np.int64(1), np.int64(1), np.int64(1), np.int64(1), np.int64(1), np.int64(1))",2,-29.0,2
283,1007,"(np.int64(1), np.int64(1), np.int64(1), np.int64(1), np.int64(1), np.int64(1), np.int64(1), np.int64(1), np.int64(1), np.int64(1), np.int64(1), np.int64(1))",2,-39.0,2
283,1008,"(np.int64(1), np.int64(1), np.int64(1), np.int64(1), np.int64(1), np.int64(1), np.int64(1), np.int64(1), np.int64(1), np.int64(1), np.int64(1), np.int64(1))",2,-49.0,2
283,1009,"(np.int64(1), np.int64(1), np.int64(1), np.int64(1), np.int64(1), np.int64(1), np.int64(1), np.int64(1), np.int64(1), np.int64(1), np.int64(1), np.int64(1))",2,-59.0,2
283,1010,"(np.int64(1), np.int64(1), np.int64(1), np.int64(1), np.int64(1), np.int64(1), np.int64(1), np.int64(1), np.int64(1), np.int64(1), np.int64(1), np.int64(1))",2,-64.0,2
283,1011,"(np.int64(1), np.int64(1), np.int64(1), np.int64(1), np.int64(1), np.int64(1), np.int64(1), np.int64(1), np.int64(1), np.int64(1), np.int64(1), np.int64(1))",2,-79.0,2
283,1012,"(np.int64(1), np.int64(1), np.int64(1), np.int64(1), np.int64(1), np.int64(1), np.int64(1), np.int64(1), np.int64(1), np.int64(1), np.int64(1), np.int64(1))",2,-89.0,2
283,1013,"(np.int64(1), np.int64(1), np.int64(1), np.int64(1), np.int64(1), np.int64(1), np.int64(1), np.int64(1), np.int64(1), np.int64(1), np.int64(1), np.int64(1))",2,-99.0,2
283,1014,"(np.int64(1), np.int64(1), np.int64(1), np.int64(1), np.int64(1), np.int64(1), np.int64(1), np.int64(1), np.int64(1), np.int64(1), np.int64(1), np.int64(1))",2,-109.0,2
283,1015,"(np.int64(1), np.int64(1), np.int64(1), np.int64(1), np.int64(1), np.int64(1), np.int64(1), np.int64(1), np.int64(1), np.int64(1), np.int64(1), np.int64(1))",2,-114.0,2
283,1016,"(np.int64(1), np.int64(1), np.int64(1), np.int64(1), np.int64(1), np.int64(1), np.int64(1), np.int64(1), np.int64(1), np.int64(1), np.int64(1), np.int64(1))",2,-129.0,2
283,1017,"(np.int64(1), np.int64(1), np.int64(1), np.int64(1), np.int64(1), np.int64(1), np.int64(1), np.int64(1), np.int64(1), np.int64(1), np.int64(1), np.int64(1))",2,-139.0,2
283,1018,"(np.int64(1), np.int64(1), np.int64(1), np.int64(1), np.int64(1), np.int64(1), np.int64(1), np.int64(1), np.int64(1), np.int64(1), np.int64(1), np.int64(1))",2,-149.0,2
283,1019,"(np.int64(1), np.int64(1), np.int64(1), np.int64(1), np.int64(1), np.int64(1), np.int64(1), np.int64(1), np.int64(1), np.int64(1), np.int64(1), np.int64(1))",2,-159.0,2
283,1020,"(np.int64(1), np.int64(1), np.int64(1), np.int64(1), np.int64(1), np.int64(1), np.int64(1), np.int64(1), np.int64(1), np.int64(1), np.int64(1), np.int64(1))",2,-164.0,2
283,1021,"(np.int64(1), np.int64(1), np.int64(1), np.int64(1), np.int64(1), np.int64(1), np.int64(1), np.int64(1), np.int64(1), np.int64(1), np.int64(1), np.int64(1))",2,-179.0,2
283,1022,"(np.int64(1), np.int64(1), np.int64(1), np.int64(1), np.int64(1), np.int64(1), np.int64(1), np.int64(1), np.int64(1), np.int64(1), np.int64(1), np.int64(1))",2,-189.0,2
283,1023,"(np.int64(1), np.int64(1), np.int64(1), np.int64(1), np.int64(1), np.int64(1), np.int64(1), np.int64(1), np.int64(1), np.int64(1), np.int64(1), np.int64(1))",2,-199.0,2
283,1024,"(np.int64(1), np.int64(1), np.int64(1), np.int64(1), np.int64(1), np.int64(1), np.int64(1), np.int64(1), np.int64(1), np.int64(1), np.int64(1), np.int64(1))",2,-209.0,2
283,1025,"(np.int64(1), np.int64(1), np.int64(1), np.int64(1), np.int64(1), np.int64(1), np.int64(1), np.int64(1), np.int64(1), np.int64(1), np.int64(1), np.int64(1))",2,-214.0,2
283,1026,"(np.int64(1), np.int64(1), np.int64(1), np.int64(1), np.int64(1), np.int64(1), np.int64(1), np.int64(1), np.int64(1), np.int64(1), np.int64(1), np.int64(1))",2,-229.0,2
283,1027,"(np.int64(1), np.int64(1), np.int64(1), np.int64(1), np.int64(1), np.int64(1), np.int64(1), np.int64(1), np.int64(1), np.int64(1), np.int64(1), np.int64(1))",0,-239.0,0
283,1028,"(np.int64(1), np.int64(1), np.int64(1), np.int64(1), np.int64(1), np.int64(1), np.int64(1), np.int64(1), np.int64(1), np.int64(1), np.int64(1), np.int64(1))",2,-249.0,2
283,1029,"(np.int64(1), np.int64(1), np.int64(1), np.int64(1), np.int64(1), np.int64(1), np.int64(1), np.int64(1), np.int64(1), np.int64(1), np.int64(1), np.int64(1))",2,-259.0,2
283,1030,"(np.int64(1), np.int64(1), np.int64(1), np.int64(1), np.int64(1), np.int64(1), np.int64(1), np.int64(1), np.int64(1), np.int64(1), np.int64(1), np.int64(1))",2,-264.0,2
283,1031,"(np.int64(1), np.int64(1), np.int64(1), np.int64(1), np.int64(1), np.int64(1), np.int64(1), np.int64(1), np.int64(1), np.int64(1), np.int64(1), np.int64(1))",2,-279.0,2
283,1032,"(np.int64(1), np.int64(1), np.int64(1), np.int64(1), np.int64(1), np.int64(1), np.int64(1), np.int64(1), np.int64(1), np.int64(1), np.int64(1), np.int64(1))",2,-289.0,2
283,1033,"(np.int64(1), np.int64(1), np.int64(1), np.int64(1), np.int64(1), np.int64(1), np.int64(1), np.int64(1), np.int64(1), np.int64(1), np.int64(1), np.int64(1))",2,-299.0,2
283,1034,"(np.int64(1), np.int64(1), np.int64(1), np.int64(1), np.int64(1), np.int64(1), np.int64(1), np.int64(1), np.int64(1), np.int64(1), np.int64(1), np.int64(1))",0,-0.0,0
283,1035,"(np.int64(1), np.int64(1), np.int64(1), np.int64(1), np.int64(1), np.int64(1), np.int64(1), np.int64(1), np.int64(1), np.int64(1), np.int64(1), np.int64(1))",0,-5.0,0
283,1036,"(np.int64(1), np.int64(1), np.int64(1), np.int64(1), np.int64(1), np.int64(1), np.int64(1), np.int64(1), np.int64(1), np.int64(1), np.int64(1), np.int64(1))",0,-5.0,0
283,1037,"(np.int64(1), np.int64(1), np.int64(1), np.int64(1), np.int64(1), np.int64(1), np.int64(1), np.int64(1), np.int64(1), np.int64(1), np.int64(1), np.int64(1))",0,-5.0,0
283,1038,"(np.int64(1), np.int64(1), np.int64(1), np.int64(1), np.int64(1), np.int64(1), np.int64(1), np.int64(1), np.int64(1), np.int64(1), np.int64(1), np.int64(1))",0,-5.0,0
283,1039,"(np.int64(1), np.int64(1), np.int64(1), np.int64(1), np.int64(1), np.int64(1), np.int64(1), np.int64(1), np.int64(1), np.int64(1), np.int64(1), np.int64(1))",2,-5.0,2
283,1040,"(np.int64(1), np.int64(1), np.int64(1), np.int64(1), np.int64(1), np.int64(1), np.int64(1), np.int64(1), np.int64(1), np.int64(1), np.int64(1), np.int64(1))",0,-5.0,0
283,1041,"(np.int64(1), np.int64(1), np.int64(1), np.int64(1), np.int64(1), np.int64(1), np.int64(1), np.int64(1), np.int64(1), np.int64(1), np.int64(1), np.int64(1))",0,-5.0,0
283,1042,"(np.int64(1), np.int64(1), np.int64(1), np.int64(1), np.int64(1), np.int64(1), np.int64(1), np.int64(1), np.int64(1), np.int64(1), np.int64(1), np.int64(1))",0,-5.0,0
283,1043,"(np.int64(1), np.int64(1), np.int64(1), np.int64(1), np.int64(1), np.int64(1), np.int64(1), np.int64(1), np.int64(1), np.int64(1), np.int64(1), np.int64(1))",0,-5.0,0
283,1044,"(np.int64(1), np.int64(1), np.int64(1), np.int64(1), np.int64(1), np.int64(1), np.int64(1), np.int64(1), np.int64(1), np.int64(1), np.int64(1), np.int64(1))",0,-5.0,0
283,1045,"(np.int64(1), np.int64(1), np.int64(1), np.int64(1), np.int64(1), np.int64(1), np.int64(1), np.int64(1), np.int64(1), np.int64(1), np.int64(1), np.int64(1))",0,-5.0,0
283,1046,"(np.int64(1), np.int64(1), np.int64(1), np.int64(1), np.int64(1), np.int64(1), np.int64(1), np.int64(1), np.int64(1), np.int64(1), np.int64(1), np.int64(1))",0,-5.0,0
283,1047,"(np.int64(1), np.int64(1), np.int64(1), np.int64(1), np.int64(1), np.int64(1), np.int64(1), np.int64(1), np.int64(1), np.int64(1), np.int64(1), np.int64(1))",0,-5.0,0
283,1048,"(np.int64(1), np.int64(1), np.int64(1), np.int64(1), np.int64(1), np.int64(1), np.int64(1), np.int64(1), np.int64(1), np.int64(1), np.int64(1), np.int64(1))",0,-5.0,0
283,1049,"(np.int64(1), np.int64(1), np.int64(1), np.int64(1), np.int64(1), np.int64(1), np.int64(1), np.int64(1), np.int64(1), np.int64(1), np.int64(1), np.int64(1))",0,-5.0,0
283,1050,"(np.int64(1), np.int64(1), np.int64(1), np.int64(1), np.int64(1), np.int64(1), np.int64(1), np.int64(1), np.int64(1), np.int64(1), np.int64(1), np.int64(1))",0,-5.0,0
283,1051,"(np.int64(1), np.int64(1), np.int64(1), np.int64(1), np.int64(1), np.int64(1), np.int64(1), np.int64(1), np.int64(1), np.int64(1), np.int64(1), np.int64(1))",0,-5.0,0
283,1052,"(np.int64(1), np.int64(1), np.int64(1), np.int64(1), np.int64(1), np.int64(1), np.int64(1), np.int64(1), np.int64(1), np.int64(1), np.int64(1), np.int64(1))",0,-5.0,0
283,1053,"(np.int64(1), np.int64(1), np.int64(1), np.int64(1), np.int64(1), np.int64(1), np.int64(1), np.int64(1), np.int64(1), np.int64(1), np.int64(1), np.int64(1))",0,-5.0,0
283,1054,"(np.int64(1), np.int64(1), np.int64(1), np.int64(1), np.int64(1), np.int64(1), np.int64(1), np.int64(1), np.int64(1), np.int64(1), np.int64(1), np.int64(1))",0,-5.0,0
283,1055,"(np.int64(1), np.int64(1), np.int64(1), np.int64(1), np.int64(1), np.int64(1), np.int64(1), np.int64(1), np.int64(1), np.int64(1), np.int64(1), np.int64(1))",0,-5.0,0
283,1056,"(np.int64(1), np.int64(1), np.int64(1), np.int64(1), np.int64(1), np.int64(1), np.int64(1), np.int64(1), np.int64(1), np.int64(1), np.int64(1), np.int64(1))",0,-5.0,0
283,1057,"(np.int64(1), np.int64(1), np.int64(1), np.int64(1), np.int64(1), np.int64(1), np.int64(1), np.int64(1), np.int64(1), np.int64(1), np.int64(1), np.int64(1))",0,-5.0,0
283,1058,"(np.int64(1), np.int64(1), np.int64(1), np.int64(1), np.int64(1), np.int64(1), np.int64(1), np.int64(1), np.int64(1), np.int64(1), np.int64(1), np.int64(1))",0,-5.0,0
283,1059,"(np.int64(1), np.int64(1), np.int64(1), np.int64(1), np.int64(1), np.int64(1), np.int64(1), np.int64(1), np.int64(1), np.int64(1), np.int64(1), np.int64(1))",0,-5.0,0
283,1060,"(np.int64(1), np.int64(1), np.int64(1), np.int64(1), np.int64(1), np.int64(1), np.int64(1), np.int64(1), np.int64(1), np.int64(1), np.int64(1), np.int64(1))",0,-5.0,0
283,1061,"(np.int64(1), np.int64(1), np.int64(1), np.int64(1), np.int64(1), np.int64(1), np.int64(1), np.int64(1), np.int64(1), np.int64(1), np.int64(1), np.int64(1))",0,-5.0,0
283,1062,"(np.int64(1), np.int64(1), np.int64(1), np.int64(1), np.int64(1), np.int64(1), np.int64(1), np.int64(1), np.int64(1), np.int64(1), np.int64(1), np.int64(1))",0,-5.0,0
283,1063,"(np.int64(1), np.int64(1), np.int64(1), np.int64(1), np.int64(1), np.int64(1), np.int64(1), np.int64(1), np.int64(1), np.int64(1), np.int64(1), np.int64(1))",0,-5.0,0
283,1064,"(np.int64(1), np.int64(1), np.int64(1), np.int64(1), np.int64(1), np.int64(1), np.int64(1), np.int64(1), np.int64(1), np.int64(1), np.int64(1), np.int64(1))",0,-5.0,0
283,1065,"(np.int64(1), np.int64(1), np.int64(1), np.int64(1), np.int64(1), np.int64(1), np.int64(1), np.int64(1), np.int64(1), np.int64(1), np.int64(1), np.int64(1))",0,-14.0,0
283,1066,"(np.int64(1), np.int64(1), np.int64(1), np.int64(1), np.int64(1), np.int64(1), np.int64(1), np.int64(1), np.int64(1), np.int64(1), np.int64(1), np.int64(1))",0,-24.0,0
283,1067,"(np.int64(1), np.int64(1), np.int64(1), np.int64(1), np.int64(1), np.int64(1), np.int64(1), np.int64(1), np.int64(1), np.int64(1), np.int64(1), np.int64(1))",0,-34.0,0
283,1068,"(np.int64(1), np.int64(1), np.int64(1), np.int64(1), np.int64(1), np.int64(1), np.int64(1), np.int64(1), np.int64(1), np.int64(1), np.int64(1), np.int64(1))",0,-44.0,0
283,1069,"(np.int64(1), np.int64(1), np.int64(1), np.int64(1), np.int64(1), np.int64(1), np.int64(1), np.int64(1), np.int64(1), np.int64(1), np.int64(1), np.int64(1))",0,-54.0,0
283,1070,"(np.int64(1), np.int64(1), np.int64(1), np.int64(1), np.int64(1), np.int64(1), np.int64(1), np.int64(1), np.int64(1), np.int64(1), np.int64(1), np.int64(1))",0,-64.0,0
283,1071,"(np.int64(1), np.int64(1), np.int64(1), np.int64(1), np.int64(1), np.int64(1), np.int64(1), np.int64(1), np.int64(1), np.int64(1), np.int64(1), np.int64(1))",0,-74.0,0
283,1072,"(np.int64(1), np.int64(1), np.int64(1), np.int64(1), np.int64(1), np.int64(1), np.int64(1), np.int64(1), np.int64(1), np.int64(1), np.int64(1), np.int64(1))",0,-84.0,0
283,1073,"(np.int64(1), np.int64(1), np.int64(1), np.int64(1), np.int64(1), np.int64(1), np.int64(1), np.int64(1), np.int64(1), np.int64(1), np.int64(1), np.int64(1))",0,-94.0,0
283,1074,"(np.int64(1), np.int64(1), np.int64(1), np.int64(1), np.int64(1), np.int64(1), np.int64(1), np.int64(1), np.int64(1), np.int64(1), np.int64(1), np.int64(1))",0,-104.0,0
283,1075,"(np.int64(1), np.int64(1), np.int64(1), np.int64(1), np.int64(1), np.int64(1), np.int64(1), np.int64(1), np.int64(1), np.int64(1), np.int64(1), np.int64(1))",0,-114.0,0
283,1076,"(np.int64(1), np.int64(1), np.int64(1), np.int64(1), np.int64(1), np.int64(1), np.int64(1), np.int64(1), np.int64(1), np.int64(1), np.int64(1), np.int64(1))",0,-124.0,0
283,1077,"(np.int64(1), np.int64(1), np.int64(1), np.int64(1), np.int64(1), np.int64(1), np.int64(1), np.int64(1), np.int64(1), np.int64(1), np.int64(1), np.int64(1))",0,-134.0,0
283,1078,"(np.int64(1), np.int64(1), np.int64(1), np.int64(1), np.int64(1), np.int64(1), np.int64(1), np.int64(1), np.int64(1), np.int64(1), np.int64(1), np.int64(1))",2,-144.0,2
283,1079,"(np.int64(1), np.int64(1), np.int64(1), np.int64(1), np.int64(1), np.int64(1), np.int64(1), np.int64(1), np.int64(1), np.int64(1), np.int64(1), np.int64(1))",0,-154.0,0
283,1080,"(np.int64(1), np.int64(1), np.int64(1), np.int64(1), np.int64(1), np.int64(1), np.int64(1), np.int64(1), np.int64(1), np.int64(1), np.int64(1), np.int64(1))",0,-164.0,0
283,1081,"(np.int64(1), np.int64(1), np.int64(1), np.int64(1), np.int64(1), np.int64(1), np.int64(1), np.int64(1), np.int64(1), np.int64(1), np.int64(1), np.int64(1))",0,-174.0,0
283,1082,"(np.int64(1), np.int64(1), np.int64(1), np.int64(1), np.int64(1), np.int64(1), np.int64(1), np.int64(1), np.int64(1), np.int64(1), np.int64(1), np.int64(1))",0,-184.0,0
283,1083,"(np.int64(1), np.int64(1), np.int64(1), np.int64(1), np.int64(1), np.int64(1), np.int64(1), np.int64(1), np.int64(1), np.int64(1), np.int64(1), np.int64(1))",0,-194.0,0
283,1084,"(np.int64(1), np.int64(1), np.int64(1), np.int64(1), np.int64(1), np.int64(1), np.int64(1), np.int64(1), np.int64(1), np.int64(1), np.int64(1), np.int64(1))",0,-204.0,0
283,1085,"(np.int64(1), np.int64(1), np.int64(1), np.int64(1), np.int64(1), np.int64(1), np.int64(1), np.int64(1), np.int64(1), np.int64(1), np.int64(1), np.int64(1))",0,-214.0,0
283,1086,"(np.int64(1), np.int64(1), np.int64(1), np.int64(1), np.int64(1), np.int64(1), np.int64(1), np.int64(1), np.int64(1), np.int64(1), np.int64(1), np.int64(1))",0,-224.0,0
283,1087,"(np.int64(1), np.int64(1), np.int64(1), np.int64(1), np.int64(1), np.int64(1), np.int64(1), np.int64(1), np.int64(1), np.int64(1), np.int64(1), np.int64(1))",0,-234.0,0
283,1088,"(np.int64(1), np.int64(1), np.int64(1), np.int64(1), np.int64(1), np.int64(1), np.int64(1), np.int64(1), np.int64(1), np.int64(1), np.int64(1), np.int64(1))",0,-244.0,0
283,1089,"(np.int64(1), np.int64(1), np.int64(1), np.int64(1), np.int64(1), np.int64(1), np.int64(1), np.int64(1), np.int64(1), np.int64(1), np.int64(1), np.int64(1))",0,-254.0,0
283,1090,"(np.int64(1), np.int64(1), np.int64(1), np.int64(1), np.int64(1), np.int64(1), np.int64(1), np.int64(1), np.int64(1), np.int64(1), np.int64(1), np.int64(1))",2,-264.0,2
283,1091,"(np.int64(1), np.int64(1), np.int64(1), np.int64(1), np.int64(1), np.int64(1), np.int64(1), np.int64(1), np.int64(1), np.int64(1), np.int64(1), np.int64(1))",0,-274.0,0
283,1092,"(np.int64(1), np.int64(1), np.int64(1), np.int64(1), np.int64(1), np.int64(1), np.int64(1), np.int64(1), np.int64(1), np.int64(1), np.int64(1), np.int64(1))",0,-284.0,0
283,1093,"(np.int64(1), np.int64(1), np.int64(1), np.int64(1), np.int64(1), np.int64(1), np.int64(1), np.int64(1), np.int64(1), np.int64(1), np.int64(1), np.int64(1))",0,-294.0,0
283,1094,"(np.int64(1), np.int64(1), np.int64(1), np.int64(1), np.int64(1), np.int64(1), np.int64(1), np.int64(1), np.int64(1), np.int64(1), np.int64(1), np.int64(1))",0,-304.0,0
283,1095,"(np.int64(1), np.int64(1), np.int64(1), np.int64(1), np.int64(1), np.int64(1), np.int64(1), np.int64(1), np.int64(1), np.int64(1), np.int64(1), np.int64(1))",2,-5.0,2
283,1096,"(np.int64(1), np.int64(1), np.int64(1), np.int64(1), np.int64(1), np.int64(1), np.int64(1), np.int64(1), np.int64(1), np.int64(1), np.int64(1), np.int64(1))",2,-5.0,2
283,1097,"(np.int64(1), np.int64(1), np.int64(1), np.int64(1), np.int64(1), np.int64(1), np.int64(1), np.int64(1), np.int64(1), np.int64(1), np.int64(1), np.int64(1))",2,-5.0,2
283,1098,"(np.int64(1), np.int64(1), np.int64(1), np.int64(1), np.int64(1), np.int64(1), np.int64(1), np.int64(1), np.int64(1), np.int64(1), np.int64(1), np.int64(1))",2,-5.0,2
283,1099,"(np.int64(1), np.int64(1), np.int64(1), np.int64(1), np.int64(1), np.int64(1), np.int64(1), np.int64(1), np.int64(1), np.int64(1), np.int64(1), np.int64(1))",2,-5.0,2
283,1100,"(np.int64(1), np.int64(1), np.int64(1), np.int64(1), np.int64(1), np.int64(1), np.int64(1), np.int64(1), np.int64(1), np.int64(1), np.int64(1), np.int64(1))",2,-5.0,2
283,1101,"(np.int64(1), np.int64(1), np.int64(1), np.int64(1), np.int64(1), np.int64(1), np.int64(1), np.int64(1), np.int64(1), np.int64(1), np.int64(1), np.int64(1))",2,-0.0,2
283,1102,"(np.int64(1), np.int64(1), np.int64(1), np.int64(1), np.int64(1), np.int64(1), np.int64(1), np.int64(1), np.int64(1), np.int64(1), np.int64(1), np.int64(1))",2,-5.0,2
283,1103,"(np.int64(1), np.int64(1), np.int64(1), np.int64(1), np.int64(1), np.int64(1), np.int64(1), np.int64(1), np.int64(1), np.int64(1), np.int64(1), np.int64(1))",2,-5.0,2
283,1104,"(np.int64(1), np.int64(1), np.int64(1), np.int64(1), np.int64(1), np.int64(1), np.int64(1), np.int64(1), np.int64(1), np.int64(1), np.int64(1), np.int64(1))",2,-5.0,2
283,1105,"(np.int64(1), np.int64(1), np.int64(1), np.int64(1), np.int64(1), np.int64(1), np.int64(1), np.int64(1), np.int64(1), np.int64(1), np.int64(1), np.int64(1))",2,-5.0,2
283,1106,"(np.int64(1), np.int64(1), np.int64(1), np.int64(1), np.int64(1), np.int64(1), np.int64(1), np.int64(1), np.int64(1), np.int64(1), np.int64(1), np.int64(1))",2,-0.0,2
283,1107,"(np.int64(1), np.int64(1), np.int64(1), np.int64(1), np.int64(1), np.int64(1), np.int64(1), np.int64(1), np.int64(1), np.int64(1), np.int64(1), np.int64(1))",2,-5.0,2
283,1108,"(np.int64(1), np.int64(1), np.int64(1), np.int64(1), np.int64(1), np.int64(1), np.int64(1), np.int64(1), np.int64(1), np.int64(1), np.int64(1), np.int64(1))",2,-5.0,2
283,1109,"(np.int64(1), np.int64(1), np.int64(1), np.int64(1), np.int64(1), np.int64(1), np.int64(1), np.int64(1), np.int64(1), np.int64(1), np.int64(1), np.int64(1))",2,-5.0,2
283,1110,"(np.int64(1), np.int64(1), np.int64(1), np.int64(1), np.int64(1), np.int64(1), np.int64(1), np.int64(1), np.int64(1), np.int64(1), np.int64(1), np.int64(1))",2,-5.0,2
283,1111,"(np.int64(1), np.int64(1), np.int64(1), np.int64(1), np.int64(1), np.int64(1), np.int64(1), np.int64(1), np.int64(1), np.int64(1), np.int64(1), np.int64(1))",2,-0.0,2
283,1112,"(np.int64(1), np.int64(1), np.int64(1), np.int64(1), np.int64(1), np.int64(1), np.int64(1), np.int64(1), np.int64(1), np.int64(1), np.int64(1), np.int64(1))",0,-0.0,0
283,1113,"(np.int64(1), np.int64(1), np.int64(1), np.int64(1), np.int64(1), np.int64(1), np.int64(1), np.int64(1), np.int64(1), np.int64(1), np.int64(1), np.int64(1))",2,-5.0,2
283,1114,"(np.int64(1), np.int64(1), np.int64(1), np.int64(1), np.int64(1), np.int64(1), np.int64(1), np.int64(1), np.int64(1), np.int64(1), np.int64(1), np.int64(1))",2,-5.0,2
283,1115,"(np.int64(1), np.int64(1), np.int64(1), np.int64(1), np.int64(1), np.int64(1), np.int64(1), np.int64(1), np.int64(1), np.int64(1), np.int64(1), np.int64(1))",2,-0.0,2
283,1116,"(np.int64(1), np.int64(1), np.int64(1), np.int64(1), np.int64(1), np.int64(1), np.int64(1), np.int64(1), np.int64(1), np.int64(1), np.int64(1), np.int64(1))",2,-5.0,2
283,1117,"(np.int64(1), np.int64(1), np.int64(1), np.int64(1), np.int64(1), np.int64(1), np.int64(1), np.int64(1), np.int64(1), np.int64(1), np.int64(1), np.int64(1))",2,-0.0,2
283,1118,"(np.int64(1), np.int64(1), np.int64(1), np.int64(1), np.int64(1), np.int64(1), np.int64(1), np.int64(1), np.int64(1), np.int64(1), np.int64(1), np.int64(1))",2,-5.0,2
283,1119,"(np.int64(1), np.int64(1), np.int64(1), np.int64(1), np.int64(1), np.int64(1), np.int64(1), np.int64(1), np.int64(1), np.int64(1), np.int64(1), np.int64(1))",2,-5.0,2
283,1120,"(np.int64(1), np.int64(1), np.int64(1), np.int64(1), np.int64(1), np.int64(1), np.int64(1), np.int64(1), np.int64(1), np.int64(1), np.int64(1), np.int64(1))",2,-5.0,2
283,1121,"(np.int64(1), np.int64(1), np.int64(1), np.int64(1), np.int64(1), np.int64(1), np.int64(1), np.int64(1), np.int64(1), np.int64(1), np.int64(1), np.int64(1))",2,-5.0,2
283,1122,"(np.int64(1), np.int64(1), np.int64(1), np.int64(1), np.int64(1), np.int64(1), np.int64(1), np.int64(1), np.int64(1), np.int64(1), np.int64(1), np.int64(1))",2,-0.0,2
283,1123,"(np.int64(1), np.int64(1), np.int64(1), np.int64(1), np.int64(1), np.int64(1), np.int64(1), np.int64(1), np.int64(1), np.int64(1), np.int64(1), np.int64(1))",2,-5.0,2
283,1124,"(np.int64(1), np.int64(1), np.int64(1), np.int64(1), np.int64(1), np.int64(1), np.int64(1), np.int64(1), np.int64(1), np.int64(1), np.int64(1), np.int64(1))",2,-5.0,2
283,1125,"(np.int64(1), np.int64(1), np.int64(1), np.int64(1), np.int64(1), np.int64(1), np.int64(1), np.int64(1), np.int64(1), np.int64(1), np.int64(1), np.int64(1))",2,-8.0,2
283,1126,"(np.int64(1), np.int64(1), np.int64(1), np.int64(1), np.int64(1), np.int64(1), np.int64(1), np.int64(1), np.int64(1), np.int64(1), np.int64(1), np.int64(1))",2,-18.0,2
283,1127,"(np.int64(1), np.int64(1), np.int64(1), np.int64(1), np.int64(1), np.int64(1), np.int64(1), np.int64(1), np.int64(1), np.int64(1), np.int64(1), np.int64(1))",2,-23.0,2
283,1128,"(np.int64(1), np.int64(1), np.int64(1), np.int64(1), np.int64(1), np.int64(1), np.int64(1), np.int64(1), np.int64(1), np.int64(1), np.int64(1), np.int64(1))",2,-38.0,2
283,1129,"(np.int64(1), np.int64(1), np.int64(1), np.int64(1), np.int64(1), np.int64(1), np.int64(1), np.int64(1), np.int64(1), np.int64(1), np.int64(1), np.int64(1))",2,-48.0,2
283,1130,"(np.int64(1), np.int64(1), np.int64(1), np.int64(1), np.int64(1), np.int64(1), np.int64(1), np.int64(1), np.int64(1), np.int64(1), np.int64(1), np.int64(1))",2,-58.0,2
283,1131,"(np.int64(1), np.int64(1), np.int64(1), np.int64(1), np.int64(1), np.int64(1), np.int64(1), np.int64(1), np.int64(1), np.int64(1), np.int64(1), np.int64(1))",2,-68.0,2
283,1132,"(np.int64(1), np.int64(1), np.int64(1), np.int64(1), np.int64(1), np.int64(1), np.int64(1), np.int64(1), np.int64(1), np.int64(1), np.int64(1), np.int64(1))",2,-73.0,2
283,1133,"(np.int64(1), np.int64(1), np.int64(1), np.int64(1), np.int64(1), np.int64(1), np.int64(1), np.int64(1), np.int64(1), np.int64(1), np.int64(1), np.int64(1))",2,-88.0,2
283,1134,"(np.int64(1), np.int64(1), np.int64(1), np.int64(1), np.int64(1), np.int64(1), np.int64(1), np.int64(1), np.int64(1), np.int64(1), np.int64(1), np.int64(1))",2,-98.0,2
283,1135,"(np.int64(1), np.int64(1), np.int64(1), np.int64(1), np.int64(1), np.int64(1), np.int64(1), np.int64(1), np.int64(1), np.int64(1), np.int64(1), np.int64(1))",2,-108.0,2
283,1136,"(np.int64(1), np.int64(1), np.int64(1), np.int64(1), np.int64(1), np.int64(1), np.int64(1), np.int64(1), np.int64(1), np.int64(1), np.int64(1), np.int64(1))",2,-118.0,2
283,1137,"(np.int64(1), np.int64(1), np.int64(1), np.int64(1), np.int64(1), np.int64(1), np.int64(1), np.int64(1), np.int64(1), np.int64(1), np.int64(1), np.int64(1))",2,-123.0,2
283,1138,"(np.int64(1), np.int64(1), np.int64(1), np.int64(1), np.int64(1), np.int64(1), np.int64(1), np.int64(1), np.int64(1), np.int64(1), np.int64(1), np.int64(1))",2,-138.0,2
283,1139,"(np.int64(1), np.int64(1), np.int64(1), np.int64(1), np.int64(1), np.int64(1), np.int64(1), np.int64(1), np.int64(1), np.int64(1), np.int64(1), np.int64(1))",2,-148.0,2
283,1140,"(np.int64(1), np.int64(1), np.int64(1), np.int64(1), np.int64(1), np.int64(1), np.int64(1), np.int64(1), np.int64(1), np.int64(1), np.int64(1), np.int64(1))",2,-158.0,2
283,1141,"(np.int64(1), np.int64(1), np.int64(1), np.int64(1), np.int64(1), np.int64(1), np.int64(1), np.int64(1), np.int64(1), np.int64(1), np.int64(1), np.int64(1))",2,-168.0,2
283,1142,"(np.int64(1), np.int64(1), np.int64(1), np.int64(1), np.int64(1), np.int64(1), np.int64(1), np.int64(1), np.int64(1), np.int64(1), np.int64(1), np.int64(1))",2,-173.0,2
283,1143,"(np.int64(1), np.int64(1), np.int64(1), np.int64(1), np.int64(1), np.int64(1), np.int64(1), np.int64(1), np.int64(1), np.int64(1), np.int64(1), np.int64(1))",2,-188.0,2
283,1144,"(np.int64(1), np.int64(1), np.int64(1), np.int64(1), np.int64(1), np.int64(1), np.int64(1), np.int64(1), np.int64(1), np.int64(1), np.int64(1), np.int64(1))",2,-198.0,2
283,1145,"(np.int64(1), np.int64(1), np.int64(1), np.int64(1), np.int64(1), np.int64(1), np.int64(1), np.int64(1), np.int64(1), np.int64(1), np.int64(1), np.int64(1))",2,-208.0,2
283,1146,"(np.int64(1), np.int64(1), np.int64(1), np.int64(1), np.int64(1), np.int64(1), np.int64(1), np.int64(1), np.int64(1), np.int64(1), np.int64(1), np.int64(1))",2,-218.0,2
283,1147,"(np.int64(1), np.int64(1), np.int64(1), np.int64(1), np.int64(1), np.int64(1), np.int64(1), np.int64(1), np.int64(1), np.int64(1), np.int64(1), np.int64(1))",2,-223.0,2
283,1148,"(np.int64(1), np.int64(1), np.int64(1), np.int64(1), np.int64(1), np.int64(1), np.int64(1), np.int64(1), np.int64(1), np.int64(1), np.int64(1), np.int64(1))",2,-238.0,2
283,1149,"(np.int64(1), np.int64(1), np.int64(1), np.int64(1), np.int64(1), np.int64(1), np.int64(1), np.int64(1), np.int64(1), np.int64(1), np.int64(1), np.int64(1))",2,-248.0,2
283,1150,"(np.int64(1), np.int64(1), np.int64(1), np.int64(1), np.int64(1), np.int64(1), np.int64(1), np.int64(1), np.int64(1), np.int64(1), np.int64(1), np.int64(1))",2,-258.0,2
283,1151,"(np.int64(1), np.int64(1), np.int64(1), np.int64(1), np.int64(1), np.int64(1), np.int64(1), np.int64(1), np.int64(1), np.int64(1), np.int64(1), np.int64(1))",2,-268.0,2
283,1152,"(np.int64(1), np.int64(1), np.int64(1), np.int64(1), np.int64(1), np.int64(1), np.int64(1), np.int64(1), np.int64(1), np.int64(1), np.int64(1), np.int64(1))",2,-273.0,2
283,1153,"(np.int64(1), np.int64(1), np.int64(1), np.int64(1), np.int64(1), np.int64(1), np.int64(1), np.int64(1), np.int64(1), np.int64(1), np.int64(1), np.int64(1))",2,-288.0,2
283,1154,"(np.int64(1), np.int64(1), np.int64(1), np.int64(1), np.int64(1), np.int64(1), np.int64(1), np.int64(1), np.int64(1), np.int64(1), np.int64(1), np.int64(1))",0,-298.0,0
283,1155,"(np.int64(1), np.int64(1), np.int64(1), np.int64(1), np.int64(1), np.int64(1), np.int64(1), np.int64(1), np.int64(1), np.int64(1), np.int64(1), np.int64(1))",2,-5.0,2
283,1156,"(np.int64(1), np.int64(1), np.int64(1), np.int64(1), np.int64(1), np.int64(1), np.int64(1), np.int64(1), np.int64(1), np.int64(1), np.int64(1), np.int64(1))",2,-5.0,2
